Data Size(KB),No. Tags,Launch Time,Init ,Encrypt of Payload by Pub,Interests Encryption,Permutation Time on Sub,Encrypt Of Tags,Search and  decryption time on B1,PRP reverse B2,Evaluation of tree by B3,Decryption of Payload by sub,Total Time without Init,Total Time,
1,1,159.816,16.7256,15.8995,0.0136,0.0015,0.0341,0.0044,0.0009,0.0005,1.3711,1.4261,34.0512,
1,2,494.974,16.3513,15.8694,0.0198,0.0032,0.0346,0.0059,0.0011,0.0009,1.3254,1.3909,33.6116,
1,3,828.35,16.0918,15.7154,0.0237,0.0032,0.034,0.0073,0.0015,0.0007,1.3384,1.4088,33.216,
1,4,1163.46,16.0797,15.7387,0.028,0.0033,0.0347,0.0089,0.0013,0.0017,1.3239,1.4018,33.2202,
1,5,1497.08,16.3563,15.9061,0.0355,0.004,0.0343,0.0112,0.0014,0.0011,1.3475,1.435,33.6974,
1,6,1830.94,16.122,15.6406,0.0407,0.0052,0.0339,0.0126,0.0017,0.001,1.3283,1.4234,33.186,
1,7,2165.21,16.2372,15.5495,0.0439,0.0046,0.0342,0.0141,0.0017,0.0011,1.3372,1.4368,33.2235,
1,8,2499.06,16.4008,15.7954,0.0543,0.0051,0.0352,0.0164,0.0017,0.0015,1.3651,1.4793,33.6755,
1,9,2833.88,16.1676,15.6519,0.0563,0.0052,0.034,0.0179,0.0018,0.001,1.3338,1.45,33.2695,
1,10,3169.03,16.1803,15.7173,0.0591,0.0051,0.0335,0.0196,0.0018,0.0011,1.3282,1.4484,33.346,
1,11,3504.41,16.4416,15.8936,0.0675,0.0059,0.0341,0.0219,0.002,0.0011,1.35,1.4825,33.8177,
1,12,3840.19,16.1912,15.7911,0.0715,0.0059,0.0334,0.0233,0.0019,0.0013,1.3458,1.4831,33.4654,
1,13,4177.07,16.2569,15.7724,0.0751,0.0062,0.0334,0.0249,0.0021,0.0011,1.3369,1.4797,33.509,
1,14,4512.86,16.3023,15.9104,0.0831,0.0063,0.0337,0.0273,0.002,0.0011,1.3484,1.5019,33.7146,
1,15,4847.78,16.1776,15.7112,0.0882,0.0069,0.0337,0.029,0.0023,0.0012,1.3453,1.5066,33.3954,
1,16,5183.68,16.1102,15.6823,0.091,0.0067,0.0333,0.0304,0.0022,0.002,1.3448,1.5104,33.3029,
1,17,5518.82,16.2551,15.9523,0.099,0.0078,0.0344,0.033,0.0024,0.0012,1.3453,1.5231,33.7305,
1,18,5854.16,16.2174,15.7925,0.105,0.0077,0.0342,0.0345,0.0026,0.0014,1.3386,1.524,33.5339,
1,19,6190.65,16.092,15.7837,0.1062,0.0083,0.0339,0.0366,0.0025,0.0013,1.3296,1.5184,33.3941,
1,20,6526.17,16.342,15.7792,0.1133,0.0082,0.0334,0.0385,0.0024,0.0013,1.3284,1.5255,33.6467,
1,70,6863.88,16.5072,15.8593,0.3761,0.0232,0.0335,0.0543,0.0066,0.0011,1.3631,1.8579,34.2244,
1,80,7206.86,16.4549,15.6648,0.4296,0.027,0.0347,0.0573,0.0075,0.0012,1.3379,1.8952,34.0149,
1,90,7549.94,16.578,15.8978,0.4811,0.0291,0.0332,0.061,0.008,0.0014,1.3558,1.9696,34.4454,
1,100,7894.22,16.6691,15.8681,0.5331,0.032,0.0341,0.0679,0.0087,0.0015,1.3632,2.0405,34.5777,
1,110,8240.04,16.5525,15.6893,0.581,0.035,0.0339,0.0671,0.0099,0.0011,1.3498,2.0778,34.3196,
1,116,8586.19,16.6671,15.8495,0.6128,0.038,0.0339,0.0714,0.01,0.0011,1.3659,2.1331,34.6497,
1024,1,9038.42,16.3183,18.9131,0.0157,0.0016,0.0337,0.0044,0.0011,0.0008,4.6509,4.7082,39.9396,
1024,2,9584.2,16.2377,18.9793,0.0206,0.003,0.0341,0.0059,0.0011,0.0008,4.6205,4.686,39.903,
1024,3,10136.5,16.5972,19.4699,0.0273,0.0033,0.0354,0.0087,0.0011,0.0011,4.8445,4.9214,40.9885,
1024,4,10699.1,16.6855,19.6122,0.0333,0.0041,0.0369,0.0097,0.0016,0.0009,4.8379,4.9244,41.2221,
1024,5,11254.4,16.5232,19.318,0.0385,0.0043,0.0345,0.0116,0.0014,0.0011,4.6869,4.7783,40.6195,
1024,6,11803.3,16.2314,18.9866,0.0422,0.004,0.0337,0.0132,0.0015,0.0012,4.5795,4.6753,39.8933,
1024,7,12346.9,16.2223,18.9894,0.0502,0.0047,0.0356,0.0149,0.0017,0.0013,4.6642,4.7726,39.9843,
1024,8,12891.3,16.0931,18.9301,0.0524,0.0049,0.0338,0.0163,0.0019,0.0012,4.5901,4.7006,39.7238,
1024,9,13438.1,16.271,18.9608,0.0589,0.0053,0.0341,0.0186,0.0018,0.0011,4.6256,4.7454,39.9772,
1024,10,13983.2,16.232,18.9248,0.0658,0.0054,0.0341,0.0203,0.0018,0.0015,4.6415,4.7704,39.9272,
1024,11,14528.1,16.2067,19.0309,0.0691,0.0058,0.034,0.022,0.002,0.0013,4.6331,4.7673,40.0049,
1024,12,15072.7,16.1492,18.9967,0.0756,0.0063,0.0338,0.0238,0.0019,0.0015,4.5991,4.742,39.8879,
1024,13,15615.5,16.0927,18.9255,0.0813,0.0072,0.0343,0.0256,0.0021,0.0016,4.6373,4.7894,39.8076,
1024,14,16158.3,16.1253,18.8281,0.0847,0.0067,0.0342,0.0274,0.0021,0.0015,4.6099,4.7665,39.7199,
1024,15,16700.9,16.277,18.8739,0.0913,0.0073,0.0331,0.0294,0.0022,0.0014,4.5589,4.7236,39.8745,
1024,16,17243,16.1308,19.0462,0.095,0.007,0.0344,0.0308,0.0022,0.0016,4.5994,4.7704,39.9474,
1024,17,17785.6,16.1628,18.8422,0.1014,0.0076,0.0344,0.0328,0.0026,0.0014,4.6038,4.784,39.789,
1024,18,18329.2,16.1956,18.8786,0.1054,0.0082,0.0334,0.0354,0.002,0.0016,4.6156,4.8016,39.8758,
1024,19,18872.9,16.2152,18.8728,0.1142,0.0078,0.0336,0.0366,0.0026,0.0012,4.5818,4.7778,39.8658,
1024,20,19418.7,16.1884,19.0244,0.1156,0.009,0.033,0.0388,0.0026,0.0014,4.613,4.8134,40.0262,
1024,70,19966.7,16.4202,18.9526,0.378,0.0226,0.0346,0.0542,0.0064,0.0016,4.6238,5.1212,40.494,
1024,80,20518.6,16.5148,19.0026,0.4298,0.0262,0.033,0.061,0.0072,0.0012,4.6426,5.201,40.7184,
1024,90,21070.8,16.5782,19.0764,0.4778,0.029,0.033,0.0608,0.0086,0.0014,4.6302,5.2408,40.8954,
1024,100,21624.1,16.5412,19.0958,0.5344,0.0316,0.0342,0.0634,0.009,0.0012,4.626,5.2998,40.9368,
1024,110,22177.8,16.5986,19.071,0.5912,0.0354,0.034,0.0674,0.0092,0.0018,4.6426,5.3816,41.0512,
1024,116,22732.7,16.607,19.0972,0.6274,0.0376,0.034,0.0698,0.0104,0.0012,4.639,5.4194,41.1236,
2048,1,23391.8,16.1262,22.0034,0.0164,0.0018,0.0332,0.0058,0.0006,0.0002,7.9256,7.9836,46.1132,
2048,2,24146.4,16.1246,22.1978,0.0242,0.0036,0.0358,0.006,0.0014,0.001,8.0696,8.1416,46.464,
2048,3,24901.9,16.2266,22.0276,0.0284,0.0038,0.0336,0.0078,0.0014,0.001,7.9108,7.9868,46.241,
2048,4,25656.4,16.2034,22.323,0.034,0.004,0.0342,0.0094,0.0018,0.001,7.9096,7.994,46.5204,
2048,5,26411.8,16.0838,22.0232,0.0376,0.0042,0.0336,0.0116,0.0012,0.0016,7.941,8.0308,46.1378,
2048,6,27166.2,16.2316,22.2182,0.0452,0.0046,0.0344,0.013,0.0012,0.0018,8.0394,8.1396,46.5894,
2048,7,27921,16.1118,22.0654,0.0488,0.0044,0.0342,0.0154,0.0012,0.0012,7.8594,7.9646,46.1418,
2048,8,28675,16.1768,22.0908,0.0564,0.0048,0.034,0.0166,0.002,0.0014,7.9528,8.068,46.3356,
2048,9,29429.5,16.089,22.0116,0.0594,0.0056,0.035,0.019,0.0018,0.0008,7.9108,8.0324,46.133,
2048,10,30184.2,16.1596,22.2302,0.0666,0.0058,0.0346,0.0202,0.0014,0.0018,8.0244,8.1548,46.5446,
2048,11,30939.3,16.0598,21.975,0.073,0.006,0.0336,0.0226,0.002,0.0016,7.9588,8.0976,46.1324,
2048,12,31694.3,16.2922,22.1524,0.0768,0.0062,0.0344,0.0236,0.0024,0.0012,7.992,8.1366,46.5812,
2048,13,32450.8,16.115,22.1236,0.0812,0.0062,0.035,0.0274,0.0016,0.0014,7.8842,8.037,46.2756,
2048,14,33205.1,16.2676,22.1998,0.088,0.0064,0.035,0.0274,0.002,0.0022,7.9632,8.1242,46.5916,
2048,15,33960.3,16.0152,22.038,0.0904,0.0076,0.0336,0.0292,0.0028,0.0012,7.8628,8.0276,46.0808,
2048,16,34714.6,16.2872,22.2092,0.0984,0.0076,0.034,0.0312,0.0028,0.0012,7.95,8.1252,46.6216,
2048,17,35471.1,16.1532,22.0772,0.1008,0.008,0.0328,0.0328,0.0028,0.002,7.9316,8.1108,46.3412,
2048,18,36227,16.28,22.2752,0.1072,0.008,0.034,0.0356,0.002,0.0012,7.918,8.106,46.6612,
2048,19,36982.4,16.0688,22.1008,0.1152,0.0088,0.0328,0.0372,0.0016,0.002,7.8532,8.0508,46.2204,
2048,20,37737.2,16.2864,22.1932,0.1208,0.008,0.0356,0.0412,0.0012,0.002,7.9632,8.172,46.6516,
2048,70,38495.8,16.368,22.06,0.3844,0.0236,0.0332,0.0548,0.0064,0.0016,7.9656,8.4696,46.8976,
2048,80,39259.1,16.5224,22.3396,0.4344,0.028,0.0336,0.0596,0.0072,0.0012,7.9292,8.4932,47.3552,
2048,90,40024.5,16.472,22.2352,0.4852,0.0304,0.034,0.0632,0.008,0.0008,7.9876,8.6092,47.3164,
2048,100,40790.8,16.63,22.31,0.5388,0.0324,0.034,0.064,0.0096,0.0012,7.9856,8.6656,47.6056,
2048,110,41557.6,16.5624,22.1176,0.59,0.0352,0.0336,0.0676,0.01,0.0016,7.9688,8.7068,47.3868,
2048,116,42324.5,16.7008,22.2308,0.62,0.0384,0.034,0.0716,0.0092,0.002,8.0268,8.802,47.7336,
4096,1,43306.1,16.1504,28.5588,0.02,0.0016,0.0348,0.0056,0.0008,0.0004,14.7852,14.8484,59.5576,
4096,2,44481.6,16.1364,28.628,0.0248,0.0032,0.0344,0.0068,0.0012,0.0004,14.6984,14.7692,59.5336,
4096,3,45657.2,16.2044,28.5292,0.0296,0.0044,0.034,0.008,0.0012,0.0008,14.5124,14.5904,59.324,
4096,4,46832.6,16.1656,28.4948,0.0344,0.004,0.0348,0.01,0.0016,0.0008,14.5728,14.6584,59.3188,
4096,5,48010.1,16.1508,28.81,0.04,0.0052,0.034,0.012,0.0008,0.0016,14.8636,14.9572,59.918,
4096,6,49187.9,16.1212,28.5088,0.046,0.0052,0.0332,0.014,0.0024,0.0008,14.5016,14.6032,59.2332,
4096,7,50364,16.084,28.6104,0.0524,0.0052,0.0344,0.0148,0.0012,0.0028,14.6784,14.7892,59.4836,
4096,8,51541.5,16.272,28.7096,0.0556,0.0056,0.0344,0.0168,0.0012,0.0012,14.6048,14.7196,59.7012,
4096,9,52718,16.1256,28.4264,0.062,0.0048,0.0356,0.018,0.0024,0.0008,14.5596,14.6832,59.2352,
4096,10,53894.7,16.1352,28.724,0.066,0.006,0.034,0.0212,0.002,0.0008,14.6496,14.7796,59.6388,
4096,11,55070.5,16.1228,28.614,0.0748,0.006,0.0344,0.0212,0.0028,0.0016,14.666,14.8068,59.5436,
4096,12,56248.3,16.1328,28.5664,0.08,0.006,0.0376,0.0244,0.0032,0.0016,14.6296,14.7824,59.4816,
4096,13,57425.9,16.2092,28.6272,0.0864,0.008,0.0352,0.0256,0.0024,0.0008,14.5736,14.732,59.5684,
4096,14,58602.7,16.14,28.6984,0.0892,0.0068,0.0348,0.0276,0.0016,0.0028,14.7476,14.9104,59.7488,
4096,15,59783,16.16,28.798,0.094,0.0072,0.0348,0.0304,0.002,0.0024,14.6364,14.8072,59.7652,
4096,16,60959.8,16.0604,28.6028,0.0988,0.0072,0.0348,0.0308,0.0036,0.0012,14.5948,14.7712,59.4344,
4096,17,62138.4,16.156,28.7228,0.1056,0.0084,0.0332,0.0328,0.0036,0.0016,14.746,14.9312,59.81,
4096,18,63318.7,16.1756,28.5948,0.1096,0.008,0.034,0.0348,0.0024,0.002,14.6688,14.8596,59.63,
4096,19,64498.5,16.098,28.7324,0.1164,0.0092,0.0348,0.0372,0.0028,0.002,14.8544,15.0568,59.8872,
4096,20,65676.6,16.1908,28.65,0.1208,0.0088,0.0352,0.0388,0.0028,0.0008,14.5512,14.7584,59.5992,
4096,70,66858.2,16.4008,28.6276,0.3844,0.0232,0.0368,0.0548,0.0064,0.0016,14.6332,15.1404,60.1688,
4096,80,68044.8,16.612,28.7304,0.4328,0.0256,0.036,0.0576,0.008,0,14.7048,15.2648,60.6072,
4096,90,69231.7,16.4632,28.5128,0.4872,0.0288,0.0344,0.0592,0.0096,0.0008,14.5968,15.2168,60.1928,
4096,100,70418.1,16.6496,28.7232,0.54,0.032,0.0336,0.0632,0.008,0.0024,14.6488,15.328,60.7008,
4096,110,71605.9,16.6016,28.6808,0.5864,0.0336,0.0344,0.0672,0.0112,0.0008,14.6384,15.372,60.6544,
4096,116,72795.9,16.7504,28.6512,0.6144,0.0392,0.0344,0.072,0.0088,0.0016,14.5856,15.356,60.7576,
8192,1,74415.4,16.2712,41.5048,0.0208,0.0008,0.0336,0.0072,0,0,27.8112,27.8736,85.6496,
8192,2,76432.4,16.0416,41.5224,0.024,0.0048,0.0344,0.0064,0.0016,0.0008,27.8256,27.8976,85.4616,
8192,3,78451,16.0104,41.5656,0.0304,0.004,0.0352,0.0096,0,0,28.1192,28.1984,85.7744,
8192,4,80470.2,15.984,41.5784,0.036,0.0032,0.0368,0.0104,0.0016,0.0008,27.9584,28.0472,85.6096,
8192,5,82487.2,15.976,41.8552,0.0408,0.0024,0.0368,0.0104,0.0008,0.0008,27.7864,27.8784,85.7096,
8192,6,84505.2,16.1408,41.6688,0.0472,0.0032,0.0368,0.0128,0.0024,0.0024,27.8976,28.0024,85.812,
8192,7,86523.8,16.1888,41.568,0.0496,0.0072,0.0336,0.0144,0.0024,0,27.8856,27.9928,85.7496,
8192,8,88543.4,16.0352,41.4672,0.056,0.0056,0.036,0.016,0,0.0016,28.0032,28.1184,85.6208,
8192,9,90563.3,16.076,41.6448,0.0624,0.0072,0.0328,0.02,0.0008,0.0008,27.972,28.096,85.8168,
8192,10,92585.6,16.0104,41.7432,0.0688,0.0056,0.0344,0.0208,0.0016,0.0016,27.8448,27.9776,85.7312,
8192,11,94605.2,16.1888,41.5968,0.072,0.0072,0.0336,0.0216,0.0048,0,27.8128,27.952,85.7376,
8192,12,96629.4,16.1176,41.4576,0.0784,0.0064,0.0344,0.024,0.0008,0.0016,28.3224,28.468,86.0432,
8192,13,98649.4,16.116,41.428,0.0856,0.008,0.0328,0.0288,0.0024,0.0008,28.0248,28.1832,85.7272,
8192,14,100670,16.0656,41.6816,0.0896,0.0064,0.0352,0.0264,0.0032,0.0016,27.8928,28.0552,85.8024,
8192,15,102692,16.1024,41.6864,0.0968,0.0064,0.0336,0.0296,0.0024,0.0008,27.8008,27.9704,85.7592,
8192,16,104713,16.2208,41.5536,0.0976,0.008,0.032,0.032,0.0032,0.0024,27.7936,27.9688,85.7432,
8192,17,106734,16.096,41.5168,0.104,0.0072,0.0352,0.0336,0.0024,0.0008,27.8896,28.0728,85.6856,
8192,18,108758,16.2312,41.6104,0.1152,0.0096,0.0352,0.0336,0.004,0.0008,28.0088,28.2072,86.0488,
8192,19,110783,16.1824,41.6504,0.116,0.0088,0.032,0.0384,0.0024,0.0024,28.0568,28.2568,86.0896,
8192,20,112818,16.6632,42.5632,0.1232,0.0104,0.0344,0.0408,0.0032,0.0008,29.0032,29.216,88.4424,
8192,70,114911,16.8976,42.4544,0.3824,0.0232,0.0352,0.0552,0.0064,0.0016,28.472,28.976,88.328,
8192,80,116969,16.588,41.9264,0.436,0.028,0.0336,0.0576,0.008,0,27.9976,28.5608,87.0752,
8192,90,119029,16.6088,42.3768,0.4928,0.0328,0.032,0.064,0.0072,0.0016,28.4888,29.1192,88.1048,
8192,100,121065,16.5184,41.7632,0.5392,0.032,0.0344,0.0648,0.0088,0.0008,27.932,28.612,86.8936,
8192,110,123098,16.6752,41.8016,0.5904,0.0368,0.0344,0.0712,0.0104,0.0008,27.9176,28.6616,87.1384,
8192,116,125129,16.6744,41.42,0.6144,0.0376,0.0328,0.0696,0.0096,0.0008,27.8768,28.6416,86.736,
16384,1,128032,16.1928,67.5472,0.0216,0.0008,0.0336,0.0056,0.0016,0,54.4448,54.508,138.248,
16384,2,131757,16.1696,67.768,0.0248,0.0032,0.0336,0.0072,0.0016,0,54.732,54.8024,138.74,
16384,3,135484,15.9576,67.4856,0.0312,0.0024,0.0352,0.0088,0.0016,0.0008,54.144,54.224,137.667,
16384,4,139206,16.096,67.5872,0.0352,0.0048,0.0384,0.0064,0,0.0016,54.6032,54.6896,138.373,
16384,5,142926,16.1648,67.1504,0.0384,0.0064,0.0336,0.0112,0.0032,0,54.2352,54.328,137.643,
16384,6,146648,16.1584,67.792,0.0448,0.008,0.0368,0.0112,0.0016,0.0016,54.2592,54.3632,138.314,
16384,7,150372,16.1376,67.6304,0.0496,0.0048,0.0384,0.0128,0.0048,0,54.0624,54.1728,137.941,
16384,8,154099,15.9744,67.5264,0.056,0.0032,0.0368,0.0192,0,0,54.5056,54.6208,138.122,
16384,9,157822,16.1712,67.3264,0.0624,0.0064,0.0336,0.0208,0.0016,0.0016,54.536,54.6624,138.16,
16384,10,161548,16.1504,67.5568,0.0688,0.0032,0.0352,0.0224,0.0032,0,54.4688,54.6016,138.309,
16384,11,165276,16.168,67.6688,0.0688,0.0096,0.0368,0.0176,0,0.0016,54.4176,54.552,138.389,
16384,12,169005,16.072,67.5856,0.0832,0.0064,0.0336,0.0256,0.0016,0.0032,54.1728,54.3264,137.984,
16384,13,172734,16.0928,67.7216,0.0832,0.008,0.032,0.0272,0.0016,0.0032,55.2352,55.3904,139.205,
16384,14,176464,15.9408,67.4352,0.0896,0.008,0.0352,0.024,0.0096,0,54.32,54.4864,137.862,
16384,15,180191,16.1936,67.4704,0.0928,0.0048,0.0352,0.0288,0.0016,0.0016,54.8912,55.056,138.72,
16384,16,183916,16.2096,67.328,0.0976,0.0048,0.0336,0.032,0.0016,0.0048,54.1888,54.3632,137.901,
16384,17,187644,16.1904,67.7552,0.1088,0.008,0.0336,0.0352,0,0.0016,54.5248,54.712,138.658,
16384,18,191370,16.0448,67.6272,0.1072,0.0128,0.032,0.0336,0.0016,0.0048,53.92,54.112,137.784,
16384,19,195095,16.0512,67.6256,0.1184,0.0096,0.0336,0.04,0.0016,0.0016,54.456,54.6608,138.338,
16384,20,198819,16.2,67.4416,0.12,0.0096,0.0336,0.0384,0.0016,0.0016,54.2528,54.4576,138.099,
16384,70,202548,16.4304,67.5744,0.3808,0.024,0.0352,0.056,0.0032,0.0032,54.5136,55.016,139.021,
16384,80,206279,16.568,67.6432,0.432,0.0336,0.0336,0.0528,0.0144,0,54.2608,54.8272,139.038,
16384,90,210015,16.6416,67.6512,0.4752,0.032,0.032,0.064,0.0064,0.0016,54.6944,55.3056,139.598,
16384,100,213754,16.6624,67.8672,0.5408,0.032,0.0352,0.064,0.0096,0.0016,54.312,54.9952,139.525,
16384,110,217492,16.4832,67.9072,0.5936,0.0336,0.0368,0.0688,0.0096,0,54.1264,54.8688,139.259,
16384,116,221237,16.528,67.8096,0.6304,0.0384,0.0368,0.0688,0.0112,0.0032,54.376,55.1648,139.502,
