Data Size(KB),No. Tags,Launch Time,Init ,Encrypt of Payload by Pub,Interests Encryption,Permutation Time on Sub,Encrypt Of Tags,Search and  decryption time on B1,PRP reverse B2,Evaluation of tree by B3,Decryption of Payload by sub,Total Time without Init,Total Time,
1,1,2.657,25.348,16.909,0.017,0.002,0.003,0.006,0.001,0.001,1.4,1.43,43.687,
1,2,46.437,17.334,16.66,0.022,0.003,0.005,0.006,0.001,0.001,1.368,1.406,35.4,
1,3,81.921,17.697,16.178,0.027,0.003,0.007,0.007,0.001,0.001,1.367,1.413,35.288,
1,4,117.295,17.596,16.142,0.031,0.005,0.008,0.009,0.001,0.001,1.342,1.397,35.135,
1,5,152.52,17.614,16.446,0.037,0.004,0.01,0.011,0.001,0.001,1.36,1.424,35.484,
1,6,188.094,17.799,16.434,0.041,0.005,0.012,0.012,0.001,0.001,1.354,1.426,35.659,
1,7,223.844,17.294,16.438,0.048,0.004,0.014,0.013,0.002,0.001,1.383,1.465,35.197,
1,8,259.133,17.315,16.561,0.053,0.005,0.014,0.016,0.001,0.002,1.324,1.415,35.291,
1,9,294.515,17.309,16.335,0.058,0.006,0.016,0.018,0.002,0.001,1.385,1.486,35.13,
1,10,329.744,17.309,16.238,0.08,0.006,0.018,0.019,0.001,0.001,1.373,1.498,35.045,
1,11,364.881,17.505,15.988,0.066,0.006,0.02,0.021,0.002,0.002,1.378,1.495,34.988,
1,12,399.956,17.065,15.943,0.073,0.007,0.021,0.023,0.002,0.002,1.367,1.495,34.503,
1,13,434.537,17.277,16.184,0.077,0.007,0.023,0.025,0.002,0.002,1.331,1.467,34.928,
1,14,469.547,17.065,16.062,0.081,0.006,0.024,0.026,0.003,0.001,1.344,1.485,34.612,
1,15,504.243,17.006,16.39,0.087,0.007,0.026,0.028,0.003,0.011,1.424,1.586,34.982,
1,16,539.307,17.514,16.564,0.094,0.007,0.027,0.03,0.003,0.013,1.468,1.642,35.72,
1,17,575.115,17.315,17.007,0.104,0.008,0.031,0.034,0.002,0.002,1.416,1.597,35.919,
1,18,611.135,17.523,16.124,0.105,0.008,0.031,0.034,0.002,0.002,1.369,1.551,35.198,
1,19,646.431,17.417,16.328,0.113,0.009,0.032,0.038,0.002,0.011,1.443,1.648,35.393,
1,20,681.907,17.454,17.042,0.124,0.01,0.035,0.041,0.003,0.014,1.434,1.661,36.157,
1,70,718.153,17.527,16.768,0.385,0.025,0.115,0.168,0.007,0.001,1.366,2.067,36.362,
1,80,754.616,17.253,16.471,0.427,0.027,0.127,0.192,0.008,0.001,1.352,2.134,35.858,
1,90,790.572,17.356,16.554,0.478,0.03,0.14,0.226,0.008,0.002,1.354,2.238,36.148,
1,100,826.827,17.288,16.465,0.528,0.033,0.158,0.259,0.009,0.013,1.548,2.548,36.301,
1,110,863.217,17.735,16.878,0.607,0.04,0.179,0.338,0.011,0.002,1.385,2.562,37.175,
1,116,900.491,17.45,15.949,0.608,0.038,0.181,0.357,0.01,0.001,1.289,2.484,35.883,
1024,1,951.65,16.674,18.644,0.012,0.002,0.003,0.004,0.001,0.001,4.512,4.535,39.853,
1024,2,1006.91,16.78,18.86,0.02,0.003,0.005,0.005,0.001,0.001,4.552,4.587,40.227,
1024,3,1062.82,16.812,19.534,0.028,0.004,0.006,0.008,0.001,0.001,4.675,4.723,41.069,
1024,4,1119.62,16.83,18.964,0.034,0.004,0.009,0.009,0.001,0.001,4.674,4.732,40.526,
1024,5,1175.82,16.784,19.819,0.039,0.004,0.01,0.011,0.002,0.001,4.704,4.771,41.374,
1024,6,1233.15,16.757,19.396,0.044,0.005,0.012,0.012,0.002,0.001,4.67,4.746,40.899,
1024,7,1289.85,17.102,19.348,0.049,0.006,0.013,0.014,0.002,0.002,4.699,4.785,41.235,
1024,8,1346.85,17.035,19.557,0.052,0.005,0.015,0.016,0.001,0.002,4.629,4.72,41.312,
1024,9,1403.69,16.734,19.375,0.056,0.005,0.016,0.018,0.002,0.001,4.578,4.676,40.785,
1024,10,1460.01,16.648,18.945,0.063,0.006,0.017,0.02,0.002,0.001,4.58,4.689,40.282,
1024,11,1515.56,16.192,18.53,0.066,0.006,0.019,0.021,0.002,0.002,4.69,4.806,39.528,
1024,12,1570.92,16.684,19.112,0.1,0.014,0.021,0.023,0.002,0.002,4.643,4.805,40.601,
1024,13,1627.36,16.915,19.356,0.091,0.007,0.03,0.025,0.002,0.002,4.672,4.829,41.1,
1024,14,1684.07,16.857,19.314,0.086,0.007,0.024,0.027,0.002,0.002,4.655,4.803,40.974,
1024,15,1740.87,16.94,19.639,0.092,0.007,0.026,0.029,0.002,0.016,4.995,5.167,41.746,
1024,16,1798.26,17.536,19.478,0.096,0.008,0.028,0.031,0.002,0.015,5.043,5.223,42.237,
1024,17,1856.46,17.129,19.245,0.098,0.009,0.029,0.032,0.002,0.002,4.512,4.684,41.058,
1024,18,1912.72,16.481,18.993,0.1,0.009,0.028,0.034,0.002,0.002,4.498,4.673,40.147,
1024,19,1967.97,16.592,18.563,0.104,0.008,0.031,0.035,0.003,0.011,4.843,5.035,40.19,
1024,20,2023.61,16.915,19.263,0.118,0.009,0.033,0.038,0.003,0.016,5.018,5.235,41.413,
1024,70,2080.24,17.708,19.58,0.388,0.025,0.114,0.167,0.007,0.002,4.721,5.424,42.712,
1024,80,2138.47,16.778,19.205,0.452,0.027,0.125,0.193,0.008,0.002,4.707,5.514,41.497,
1024,90,2195.44,17.036,19.48,0.479,0.03,0.141,0.226,0.008,0.002,4.676,5.562,42.078,
1024,100,2252.93,17.076,19.395,0.532,0.034,0.157,0.26,0.01,0.016,5.048,6.057,42.528,
1024,110,2310.66,17.764,19.521,0.599,0.036,0.178,0.307,0.011,0.001,4.754,5.886,43.171,
1024,116,2369.26,17.15,18.884,0.593,0.037,0.176,0.313,0.01,0.001,4.503,5.633,41.667,
2048,1,2441.17,16.539,21.887,0.013,0.002,0.003,0.004,0.001,0.001,7.79,7.814,46.24,
2048,2,2517.13,16.187,21.771,0.023,0.004,0.005,0.006,0.001,0.001,7.969,8.009,45.967,
2048,3,2594.03,16.501,22.433,0.03,0.004,0.007,0.007,0.002,0.001,7.98,8.031,46.965,
2048,4,2671.93,16.448,22.424,0.035,0.004,0.009,0.009,0.001,0.001,8.051,8.11,46.982,
2048,5,2750.17,16.617,23.102,0.04,0.005,0.011,0.01,0.002,0.001,8.158,8.227,47.946,
2048,6,2828.67,16.532,22.352,0.055,0.004,0.013,0.02,0.001,0.009,8.22,8.322,47.206,
2048,7,2906.38,16.391,21.719,0.044,0.005,0.013,0.013,0.002,0.001,7.727,7.805,45.915,
2048,8,2982.57,16.193,21.693,0.051,0.006,0.014,0.016,0.002,0.001,7.738,7.828,45.714,
2048,9,3058.8,16.403,22.227,0.061,0.005,0.016,0.019,0.001,0.002,7.991,8.095,46.725,
2048,10,3136.31,16.503,22.441,0.066,0.006,0.018,0.02,0.002,0.001,8.067,8.18,47.124,
2048,11,3214.61,16.426,22.156,0.071,0.007,0.019,0.021,0.002,0.002,8.023,8.145,46.727,
2048,12,3292.3,16.524,22.4,0.078,0.006,0.021,0.023,0.002,0.002,8.006,8.138,47.062,
2048,13,3370.4,16.496,21.941,0.075,0.007,0.021,0.024,0.002,0.001,7.773,7.903,46.34,
2048,14,3447.51,16.102,21.681,0.079,0.006,0.023,0.025,0.003,0.001,7.864,8.001,45.784,
2048,15,3523.93,16.469,22.292,0.093,0.008,0.025,0.029,0.002,0.016,8.87,9.043,47.804,
2048,16,3602.96,16.627,22.517,0.099,0.008,0.028,0.03,0.003,0.018,8.918,9.104,48.248,
2048,17,3682.43,16.76,22.33,0.103,0.008,0.03,0.033,0.002,0.002,8.015,8.193,47.283,
2048,18,3760.49,16.606,22.989,0.109,0.008,0.031,0.035,0.002,0.002,8.003,8.19,47.785,
2048,19,3839.15,16.517,22.731,0.112,0.009,0.032,0.036,0.003,0.013,8.848,9.053,48.301,
2048,20,3918.48,16.543,22.207,0.112,0.008,0.033,0.037,0.003,0.013,8.7,8.906,47.656,
2048,70,3996.94,16.683,21.748,0.366,0.024,0.108,0.159,0.006,0.002,7.732,8.397,46.828,
2048,80,4074.45,16.768,22.395,0.431,0.027,0.125,0.193,0.008,0.001,8.403,9.188,48.351,
2048,90,4153.54,16.447,22.422,0.483,0.03,0.14,0.226,0.008,0.001,8.063,8.951,47.82,
2048,100,4231.95,16.514,22.27,0.532,0.033,0.167,0.267,0.01,0.014,8.831,9.854,48.638,
2048,110,4311.76,16.883,22.543,0.587,0.036,0.173,0.298,0.01,0.001,8.046,9.151,48.577,
2048,116,4391.21,16.299,21.821,0.594,0.036,0.177,0.312,0.01,0.001,8.392,9.522,47.642,
4096,1,4498.3,16.053,27.636,0.018,0.002,0.003,0.005,0.001,0.001,14.813,14.843,58.532,
4096,2,4615.32,16.497,28.753,0.025,0.004,0.005,0.006,0.001,0.001,14.813,14.855,60.105,
4096,3,4735.96,16.419,28.872,0.029,0.004,0.008,0.007,0.001,0.001,15.607,15.657,60.948,
4096,4,4857.53,16.722,27.943,0.034,0.004,0.008,0.009,0.001,0.001,14.263,14.32,58.985,
4096,5,4976.04,15.831,27.942,0.038,0.005,0.01,0.01,0.001,0.001,14.295,14.36,58.133,
4096,6,5094.22,16.44,28.685,0.046,0.005,0.011,0.013,0.001,0.001,14.8,14.877,60.002,
4096,7,5215.06,16.238,28.946,0.051,0.005,0.013,0.014,0.002,0.001,14.858,14.944,60.128,
4096,8,5336.21,16.481,29.034,0.054,0.006,0.014,0.016,0.001,0.002,14.29,14.383,59.898,
4096,9,5455.96,15.748,27.858,0.06,0.006,0.016,0.017,0.002,0.001,14.249,14.351,57.957,
4096,10,5573.94,16.609,29.013,0.068,0.006,0.018,0.02,0.002,0.001,14.818,14.933,60.555,
4096,11,5695.4,16.394,28.685,0.073,0.007,0.019,0.021,0.002,0.001,14.842,14.965,60.044,
4096,12,5816.48,16.519,29.01,0.078,0.007,0.021,0.024,0.002,0.001,14.98,15.113,60.642,
4096,13,5936.9,15.973,27.964,0.081,0.007,0.022,0.024,0.002,0.002,14.3,14.438,58.375,
4096,14,6055.02,16.356,28.832,0.088,0.007,0.024,0.027,0.002,0.002,14.892,15.042,60.23,
4096,15,6175.72,16.362,28.507,0.094,0.008,0.026,0.029,0.002,0.017,16.241,16.417,61.286,
4096,16,6298.16,16.918,28.988,0.099,0.007,0.028,0.031,0.002,0.015,15.895,16.077,61.983,
4096,17,6420.01,16.459,27.849,0.101,0.008,0.028,0.032,0.002,0.002,14.322,14.495,58.803,
4096,18,6537.93,15.851,28.784,0.11,0.008,0.031,0.035,0.002,0.002,15.951,16.139,60.774,
4096,19,6659.15,16.325,28.6,0.114,0.009,0.032,0.036,0.003,0.014,15.981,16.189,61.114,
4096,20,6781,16.566,29.262,0.12,0.01,0.033,0.039,0.003,0.016,16.052,16.273,62.101,
4096,70,6903.95,16.101,28.12,0.37,0.023,0.108,0.157,0.007,0.001,14.259,14.925,59.146,
4096,80,7022.56,15.907,28.629,0.431,0.028,0.126,0.193,0.009,0.001,14.868,15.656,60.192,
4096,90,7143.29,16.52,28.832,0.484,0.03,0.141,0.226,0.008,0.002,14.901,15.792,61.144,
4096,100,7265.45,16.487,28.715,0.533,0.033,0.157,0.261,0.009,0.015,16.058,17.066,62.268,
4096,110,7388.79,16.071,27.95,0.568,0.035,0.166,0.29,0.009,0.002,14.319,15.389,59.41,
4096,116,7507.41,15.923,28.02,0.617,0.038,0.182,0.32,0.01,0.002,15.868,17.037,60.98,
8192,1,7686.51,16.367,41.592,0.019,0.002,0.004,0.004,0.001,0.001,28.717,28.748,86.707,
8192,2,7888.87,15.832,40.698,0.024,0.004,0.005,0.006,0.001,0.001,27.428,27.469,83.999,
8192,3,8090.99,16.44,42.047,0.029,0.004,0.008,0.007,0.001,0.001,28.3,28.35,86.837,
8192,4,8297.88,16.341,42.543,0.035,0.004,0.009,0.009,0.002,0.001,28.159,28.219,87.103,
8192,5,8501.95,15.876,40.982,0.04,0.005,0.01,0.011,0.001,0.001,28.406,28.474,85.332,
8192,6,8707.23,16.503,41.797,0.045,0.005,0.012,0.012,0.002,0.001,28.264,28.341,86.641,
8192,7,8913.94,15.823,40.604,0.05,0.005,0.013,0.014,0.002,0.001,27.431,27.516,83.943,
8192,8,9116.07,16.314,41.787,0.056,0.006,0.015,0.016,0.001,0.002,28.419,28.515,86.616,
8192,9,9323.05,16.563,42.073,0.059,0.006,0.016,0.017,0.002,0.001,27.559,27.66,86.296,
8192,10,9526.19,15.814,41.344,0.067,0.006,0.018,0.019,0.002,0.002,28.416,28.53,85.688,
8192,11,9731.34,16.469,41.899,0.072,0.007,0.02,0.021,0.002,0.002,28.329,28.453,86.821,
8192,12,9940.53,16.1,40.768,0.076,0.006,0.02,0.023,0.002,0.002,27.498,27.627,84.495,
8192,13,10144.6,16.361,41.776,0.083,0.007,0.024,0.025,0.002,0.002,28.379,28.522,86.659,
8192,14,10351.1,16.791,40.87,0.085,0.008,0.024,0.026,0.002,0.001,28.024,28.17,85.831,
8192,15,10554.5,16.277,41.695,0.093,0.008,0.027,0.028,0.003,0.017,29.745,29.921,87.893,
8192,16,10762.2,16.37,41.68,0.098,0.008,0.027,0.031,0.002,0.015,30.077,30.258,88.308,
8192,17,10969.5,15.79,40.759,0.122,0.008,0.037,0.04,0.002,0.001,27.608,27.818,84.367,
8192,18,11173.7,16.26,41.876,0.108,0.009,0.03,0.034,0.003,0.001,28.303,28.488,86.624,
8192,19,11380.8,15.955,40.606,0.112,0.008,0.031,0.036,0.002,0.015,30.41,30.614,87.175,
8192,20,11586.4,16.604,41.887,0.12,0.009,0.033,0.038,0.003,0.015,29.584,29.802,88.293,
8192,70,11794.7,16.381,41.868,0.38,0.025,0.11,0.163,0.007,0.001,28.728,29.414,87.663,
8192,80,11998.7,15.921,40.911,0.432,0.027,0.126,0.193,0.007,0.002,28.173,28.96,85.792,
8192,90,12204.4,16.493,42.053,0.483,0.03,0.142,0.226,0.008,0.002,28.443,29.334,87.88,
8192,100,12412,15.948,40.668,0.52,0.032,0.153,0.253,0.009,0.018,29.744,30.729,87.345,
8192,110,12618.9,16.549,41.939,0.586,0.037,0.196,0.298,0.01,0.002,28.36,29.489,87.977,
8192,116,12827.1,16.434,42.253,0.625,0.037,0.177,0.312,0.01,0.002,27.798,28.961,87.648,
16384,1,13147,16.314,71.294,0.019,0.001,0.004,0.005,0.001,0.001,55.887,55.918,143.526,
16384,2,13523.8,15.764,67.586,0.024,0.004,0.006,0.006,0.001,0.001,55.017,55.059,138.409,
16384,3,13899.8,16.025,66.077,0.029,0.004,0.007,0.008,0.001,0.001,53.559,53.609,135.711,
16384,4,14273,16.426,68.151,0.036,0.004,0.009,0.009,0.002,0.001,54.942,55.003,139.58,
16384,5,14647.4,16.384,67.762,0.04,0.004,0.011,0.01,0.002,0.001,55.059,55.127,139.273,
16384,6,15021.1,15.918,67.63,0.046,0.005,0.012,0.012,0.002,0.001,54.856,54.934,138.482,
16384,7,15399,16.051,67.136,0.05,0.005,0.013,0.014,0.001,0.002,53.693,53.778,136.965,
16384,8,15774,16.323,68.387,0.063,0.005,0.016,0.016,0.001,0.002,54.845,54.948,139.658,
16384,9,16147.8,16.258,68.12,0.062,0.006,0.017,0.017,0.003,0.001,55.046,55.152,139.53,
16384,10,16522.3,15.836,67.839,0.067,0.006,0.019,0.019,0.002,0.001,55.132,55.246,138.921,
16384,11,16898.7,16.572,65.888,0.07,0.006,0.02,0.02,0.002,0.002,53.274,53.394,135.854,
16384,12,17271.7,16.92,71.156,0.096,0.006,0.022,0.032,0,0.004,56.71,56.87,144.946,
16384,13,17661.7,17.188,71.184,0.088,0.008,0.024,0.028,0.004,0,58.808,58.96,147.332,
16384,14,18049.4,16.22,69.376,0.088,0.008,0.024,0.028,0.002,0.002,58.172,58.324,143.92,
16384,15,18436.8,17.65,71.046,0.092,0.008,0.026,0.028,0.002,0.016,57.472,57.644,146.34,
16384,16,18827.1,16.576,67.552,0.096,0.008,0.028,0.028,0.004,0.012,55.618,55.794,139.922,
16384,17,19204,16.368,69.42,0.114,0.008,0.028,0.034,0,0.004,55.272,55.46,141.248,
16384,18,19592,17.198,72.468,0.12,0.008,0.032,0.036,0.004,0.002,59.33,59.532,149.198,
16384,19,19992,17.068,71.304,0.12,0.008,0.034,0.038,0.004,0.014,60.55,60.768,149.14,
16384,20,20395.5,17.8,71.844,0.128,0.012,0.036,0.044,0.004,0.016,59.052,59.292,148.936,
16384,70,20787.3,16.348,69.048,0.408,0.032,0.112,0.168,0.008,0,55.084,55.812,141.208,
16384,80,21166.8,16.578,69.22,0.456,0.026,0.126,0.194,0.008,0.002,55.316,56.128,141.926,
16384,90,21543.5,16.432,68.912,0.484,0.03,0.142,0.228,0.008,0.002,54.982,55.876,141.22,
16384,100,21921.6,16.02,66.788,0.526,0.032,0.152,0.254,0.008,0.016,56.384,57.372,140.18,
16384,110,22299.8,16.584,68.134,0.616,0.036,0.166,0.29,0.01,0.002,53.944,55.064,139.782,
16384,116,22675.1,16.534,68.36,0.634,0.046,0.188,0.33,0.012,0,56.08,57.29,142.184,
