Data Size(KB),No. Tags,Launch Time,Init ,Decryption key generation,Encryption of KP-ABE,Encrypt of Payload by Pub,Interests Encryption,Permutation Time on Sub,Encrypt Of Tags,Hash Table Creation,Search and  decryption time on B1,PRP reverse B2,Evaluation of tree by B3,Decryption of KP-ABE,Decryption of Payload by sub,Total Time without Init,Total Time,
1,2,815.107,5.56562,0.04737,7.99134,0.00761,0.01304,0.00299,0.00442,0.00872,0.0064,0.00126,0.00086,2.66256,0.00714,10.7063,16.3193,
1,3,2640.01,6.84219,0.05223,10.5247,0.00673,0.01619,0.00349,0.00598,0.00904,0.00818,0.00142,0.0009,2.66491,0.00653,13.248,20.1425,
1,4,4858.46,8.17932,0.08052,13.193,0.00721,0.0192,0.0042,0.00763001,0.00971,0.00974,0.00138,0.00105,2.66766,0.0064,15.9272,24.187,
1,5,7413.6,9.53859,0.08873,15.8038,0.00721,0.02239,0.00467,0.00968,0.00962,0.01164,0.00153,0.00104,1.33435,0.00621,17.2121,26.8394,
1,6,10375.1,11.0788,0.12179,18.7608,0.00806,0.02707,0.00528,0.01159,0.01032,0.01368,0.00172,0.00128,2.7051,0.00764,21.5525,32.7531,
1,7,13887,12.8364,0.14546,22.0814,0.01011,0.03234,0.00648,0.01313,0.01164,0.01588,0.00177,0.00141,2.77807,0.0093,24.9615,37.9434,
1,8,18086,14.7537,0.1907,25.5676,0.01276,0.03761,0.00771,0.0158,0.01271,0.01853,0.00207,0.00151,2.86831,0.01242,28.5571,43.5014,
1,9,22353.3,14.5921,0.1527,25.7708,0.00692,0.03464,0.00656,0.0158,0.01106,0.01794,0.0019,0.00134,2.6119,0.0065,28.4854,43.2302,
1,10,26869,15.8826,0.1787,28.2792,0.0073,0.03814,0.0072,0.01756,0.01094,0.01992,0.00198,0.00136,2.59924,0.00634,30.9892,47.0505,
1,11,31773.3,17.2229,0.1863,30.866,0.00718,0.04122,0.00772,0.01884,0.0115,0.02122,0.00206,0.00152,2.60578,0.00658,33.5896,50.9988,
1,12,37076.9,18.5124,0.21352,33.4943,0.00732,0.04444,0.00812,0.0208,0.01232,0.02332,0.00216,0.0012,2.60428,0.0066,36.2249,54.9508,
1,13,42705.1,19.8166,0.22136,36.0581,0.0072,0.047,0.00852,0.02228,0.01216,0.02468,0.0022,0.0014,1.30468,0.00644,37.4946,57.5326,
1,14,48718.8,21.0642,0.2462,38.6056,0.00712,0.05036,0.00928001,0.02384,0.01152,0.02668,0.00244,0.0016,2.59908,0.00616,41.3436,62.654,
1,15,55185.9,22.4329,0.25256,41.1582,0.00776,0.0536,0.00972001,0.0254,0.01268,0.02772,0.00272,0.00168,2.627,0.00652,43.933,66.6184,
1,16,62047.7,23.6926,0.27636,43.8232,0.00748,0.05696,0.01012,0.02724,0.01272,0.02968,0.00216,0.00204,2.59412,0.00652,46.5722,70.5412,
1,17,69295.4,25.0333,0.28552,46.2738,0.00812,0.06016,0.01032,0.02884,0.01308,0.03144,0.00244,0.0022,2.5936,0.00664,49.0306,74.3494,
1,18,76931.8,26.3408,0.31208,48.9036,0.00776,0.0632,0.01112,0.03032,0.01312,0.03264,0.00272,0.00168,2.59896,0.00688,51.672,78.3249,
1,19,84959.3,27.6666,0.32096,51.3475,0.00752,0.06648,0.01104,0.03248,0.01416,0.03424,0.00264,0.00224,2.59464,0.00624,54.1192,82.1068,
1,20,93371,28.9767,0.34632,54.0254,0.00776,0.06928,0.01264,0.03336,0.014,0.03656,0.00272,0.00256,2.5944,0.00584,56.8045,86.1275,
1,70,111644,94.3396,1.18336,182.565,0.0096,0.228,0.03824,0.11648,0.02944,0.10928,0.0064,0.00592,2.59696,0.00672,185.712,281.235,
1,80,141699,107.416,1.35736,207.962,0.0108,0.25856,0.04216,0.1332,0.03168,0.12408,0.008,0.00664,2.59984,0.0076,211.185,319.958,
1,90,175668,120.484,1.53024,234.299,0.0104,0.29152,0.0472,0.14848,0.03568,0.13856,0.00847999,0.00768,2.60496,0.00656,237.598,359.612,
1,100,213550,133.578,1.69424,259.091,0.01056,0.32144,0.05216,0.16704,0.03872,0.14992,0.00991999,0.00863999,2.60784,0.00624,262.463,397.736,
1,110,255255,146.562,1.86288,285.115,0.01024,0.35584,0.05648,0.18224,0.0424,0.16288,0.01008,0.00992,2.61408,0.00608,288.565,436.99,
1,116,300127,154.799,1.968,301.067,0.01056,0.37536,0.06176,0.192,0.0416,0.17248,0.01312,0.01024,2.61664,0.00736,304.568,461.335,
1024,2,325380,5.63936,0.05632,8.05408,3.15104,0.01792,0.0048,0.00384,0.00992,0.008,0.00032,0.00096,3.0272,3.01184,17.2899,22.9856,
1024,3,329374,6.92608,0.0576,10.585,3.11904,0.01824,0.00608,0.0048,0.0128,0.00544,0.00128,0.00064,2.97824,2.96992,19.7014,26.6851,
1024,4,333683,8.14752,0.0764801,13.0173,3.08736,0.01984,0.00352,0.00832,0.01056,0.01024,0.00096,0.00064,2.92608,2.93184,22.0166,30.2406,
1024,5,338283,9.38304,0.0848,15.4947,3.06752,0.02624,0.00288,0.0096,0.01056,0.01088,0.00224,0.00096,1.59584,2.91136,23.1328,32.6006,
1024,6,343222,10.68,0.11584,18.0634,3.06496,0.02752,0.00384,0.00992,0.0112,0.0128,0.00128,0.00064,2.88032,2.89312,26.969,37.7648,
1024,7,348614,11.9805,0.11808,20.5658,3.06528,0.02752,0.00864,0.01056,0.01056,0.016,0.00224,0.00128,2.89408,2.90144,29.5034,41.6019,
1024,8,354393,13.312,0.14112,23.1494,3.064,0.03424,0.00576,0.01216,0.01248,0.0144,0.00192,0.00096,2.88672,2.90272,32.0848,45.5379,
1024,9,360556,14.5683,0.15008,25.5907,3.06592,0.03552,0.00672,0.01632,0.00928,0.02112,0.00096,0.00064,2.88896,2.90272,34.5389,49.2573,
1024,10,367096,15.8448,0.17728,28.1274,3.06144,0.03744,0.008,0.01888,0.00832,0.02208,0.00192,0.00192,2.88544,2.90912,37.0819,53.104,
1024,11,374030,17.1814,0.18496,30.7126,3.0576,0.0416,0.00832,0.01888,0.0112,0.0208,0.00288,0.00192,2.88192,2.90464,39.6624,57.0288,
1024,12,381358,18.4954,0.21248,33.3085,3.06912,0.0448,0.00832,0.01952,0.01216,0.0224,0.00416,0.00096,2.89408,2.91296,42.297,61.0048,
1024,13,389008,19.7738,0.21696,35.8352,3.06368,0.0464,0.01248,0.01824,0.01632,0.02304,0.00256,0.0016,1.60352,2.9216,43.5446,63.5354,
1024,14,397044,21.0429,0.24512,38.425,3.06912,0.0496,0.00992,0.024,0.01248,0.02656,0.00192,0.00224,2.89344,2.91488,47.4291,68.7171,
1024,15,405531,22.392,0.24832,40.9114,3.06528,0.05344,0.01184,0.02432,0.01312,0.02816,0.00096,0.0016,2.89472,2.9104,49.9152,72.5555,
1024,16,414408,23.7366,0.27648,43.4944,3.06752,0.05632,0.00992,0.02944,0.01088,0.03008,0.0016,0.00192,2.89632,2.90912,52.5075,76.5207,
1024,17,423676,25.0595,0.28256,46.0403,3.06016,0.06176,0.01152,0.0272,0.01536,0.03136,0.00192,0.00128,2.89312,2.9088,55.0528,80.3949,
1024,18,433338,26.3613,0.3072,48.5837,3.0624,0.064,0.0128,0.03136,0.01088,0.0336,0.00096,0.0016,2.90016,2.92992,57.6314,84.2999,
1024,19,443379,27.625,0.32064,51.0797,3.06464,0.06592,0.01056,0.03232,0.01376,0.03648,0.0032,0.0016,2.88864,2.89248,60.0893,88.0349,
1024,20,453799,28.9376,0.34592,53.6147,3.05888,0.07072,0.01408,0.03424,0.01408,0.03456,0.00288,0.00128,2.8816,2.89408,62.6211,91.9046,
1024,70,474015,94.2627,1.17792,180.903,3.07648,0.2288,0.03648,0.1168,0.02624,0.10912,0.00736,0.0064,2.89312,2.89024,190.294,285.735,
1024,80,505914,107.233,1.35072,205.969,3.07136,0.2576,0.04064,0.1328,0.03072,0.12384,0.00672,0.00736,2.89824,2.8896,215.428,324.011,
1024,90,541676,120.239,1.5168,231.7,3.06144,0.28928,0.05056,0.1456,0.03648,0.13824,0.00928,0.00576,2.89888,2.90464,241.24,362.996,
1024,100,581322,133.269,1.68896,257.255,3.06112,0.31936,0.05504,0.16768,0.03264,0.15296,0.01088,0.00704,2.9024,2.88896,266.853,401.811,
1024,110,624828,146.289,1.85792,282.484,3.06304,0.35264,0.05632,0.18432,0.03584,0.16576,0.00704,0.01024,2.89024,2.8896,292.139,440.286,
1024,116,671469,154.152,1.9488,297.823,3.0752,0.37184,0.06208,0.19136,0.04096,0.1696,0.0096,0.01408,2.9056,2.8992,307.562,463.663,
2048,2,698459,5.4656,0.04224,7.86624,6.13376,0.01408,0.00192,0.00384,0.01024,0.00704,0.00128,0.00064,3.18912,5.85216,23.0803,28.5882,
2048,3,704417,6.78656,0.04608,10.4576,6.14208,0.01536,0.00448,0.0064,0.0064,0.01024,0.00256,0.00064,3.19744,5.84576,25.689,32.5216,
2048,4,710771,8.09152,0.07936,12.9978,6.13056,0.0224,0.0064,0.01024,0.00704,0.01024,0.00064,0.00128,3.19104,5.85088,28.2285,36.3993,
2048,5,717453,9.39456,0.0896,15.5501,6.12032,0.02304,0.00704,0.00832,0.01344,0.01024,0.00256,0.00064,1.89568,5.86816,29.4995,38.9837,
2048,6,724514,10.7219,0.11584,18.1402,6.13632,0.03264,0.00512,0.01152,0.00768,0.01152,0,0.00192,3.19552,5.8368,33.3792,44.217,
2048,7,731992,12.0589,0.1248,20.6746,6.14464,0.02752,0.00768,0.01216,0.01088,0.01728,0.00256,0,3.1904,5.84192,35.9296,48.1133,
2048,8,739858,13.3389,0.14272,23.2365,6.1376,0.03904,0.00384,0.01472,0.00768,0.01792,0.00256,0.00192,3.1872,5.83936,38.4883,51.9699,
2048,9,748106,14.5971,0.14848,25.7318,6.1376,0.03904,0.00448,0.01792,0.01088,0.0192,0.0032,0.00192,3.184,5.8464,40.9965,55.7421,
2048,10,756749,15.9245,0.17792,28.3258,6.14144,0.03904,0.0096,0.01984,0.01152,0.01856,0.00064,0.00256,3.20128,5.84896,43.6192,59.7216,
2048,11,765776,17.209,0.18624,30.8467,6.13504,0.04544,0.0096,0.01856,0.01024,0.02176,0.00128,0.00192,3.19872,5.83808,46.1274,63.5226,
2048,12,775187,18.4947,0.20992,33.3171,6.1248,0.05248,0.00512,0.01984,0.016,0.02304,0.00256,0.00128,3.20384,5.83296,48.599,67.3037,
2048,13,784917,19.8157,0.21696,35.888,6.13376,0.05696,0.00576,0.02176,0.01152,0.02816,0.00128,0.00064,1.90784,5.84768,49.9034,69.936,
2048,14,795036,21.0912,0.24256,38.4678,6.12864,0.05824,0.00768,0.01984,0.0128,0.03264,0,0.00128,3.2,5.83488,53.7638,75.0976,
2048,15,805607,22.4045,0.2464,41.0189,6.12032,0.0544,0.01344,0.02688,0.01408,0.02496,0.00384,0,3.20448,5.85024,56.3315,78.9824,
2048,16,816568,23.7088,0.27968,43.5328,6.1184,0.06208,0.0096,0.0288,0.01408,0.03328,0.00128,0.00256,3.1904,5.82976,58.823,82.8115,
2048,17,827917,25.079,0.28608,46.0928,6.1248,0.06336,0.01408,0.02688,0.0128,0.03264,0.00384,0.00192,3.19744,5.82272,61.3933,86.7584,
2048,18,839654,26.3782,0.30848,48.5907,6.12736,0.06592,0.01088,0.03328,0.0128,0.03008,0.0032,0.00128,3.2064,5.83616,63.9181,90.6048,
2048,19,851777,27.657,0.3168,51.2115,6.13312,0.06848,0.01216,0.03904,0.00896,0.04096,0.00384,0.00064,3.18592,5.82976,66.5344,94.5082,
2048,20,864289,28.9722,0.3424,53.7901,6.12032,0.07552,0.01472,0.032,0.01408,0.03584,0.00448,0.0032,3.19296,5.83296,69.1161,98.4308,
2048,70,886580,94.2598,1.1776,180.908,6.12992,0.23168,0.03456,0.11456,0.032,0.1088,0.00512,0.00768,3.20192,5.86112,196.635,292.072,
2048,80,920581,107.326,1.35424,206.342,6.14144,0.26432,0.04288,0.13184,0.03072,0.12672,0.00512,0.01024,3.20256,5.85088,222.149,330.829,
2048,90,958453,120.298,1.52192,231.801,6.1216,0.28992,0.048,0.14848,0.03456,0.13504,0.0096,0.00896,3.2032,5.8304,247.631,369.45,
2048,100,1.00019e+06,133.295,1.6864,257.144,6.14336,0.32832,0.05312,0.16576,0.0352,0.15168,0.01152,0.01024,3.18464,5.83936,273.068,408.049,
2048,110,1.04579e+06,146.438,1.8592,282.41,6.13248,0.35456,0.05824,0.18112,0.04032,0.15936,0.01088,0.01088,3.19104,5.84,298.388,446.685,
2048,116,1.09447e+06,154.482,1.9424,296.785,6.20224,0.3808,0.06592,0.18496,0.04544,0.176,0.0064,0.0128,3.22816,5.90656,312.995,469.419,
4096,2,1.12461e+06,5.46816,0.0448,8.0832,12.297,0.01536,0.00256,0.00128,0.00512,0.00768,0,0,3.78112,11.8669,36.0602,41.5731,
4096,3,1.13478e+06,6.79424,0.05504,10.688,12.2944,0.02304,0.00512,0.00384,0.01024,0.02048,0.00128,0,3.76576,11.872,38.6842,45.5334,
4096,4,1.14536e+06,8.09089,0.0819199,13.2378,12.2957,0.03456,0.00128,0.00384,0.00896,0.0128,0,0.00256,3.77216,11.8579,41.2275,49.4003,
4096,5,1.15627e+06,9.4144,0.0883199,15.7837,12.2906,0.0256,0.00512,0.01024,0.01152,0.01792,0.00256,0.00128,2.4576,11.872,42.4781,51.9808,
4096,6,1.16755e+06,10.7123,0.1152,18.3462,12.3021,0.02432,0.0064,0.01024,0.01152,0.02048,0.00128,0.00512,3.7632,11.8285,46.3194,57.1469,
4096,7,1.17921e+06,12.0422,0.1152,20.896,12.2854,0.03712,0.01152,0.01664,0.0128,0.0128,0.00256,0,3.76448,11.8298,48.8691,61.0266,
4096,8,1.19127e+06,13.3338,0.14208,23.4982,12.3008,0.04352,0.00512,0.01152,0.01664,0.01024,0,0.00512,3.76064,12.0166,51.6685,65.1443,
4096,9,1.2037e+06,14.5843,0.15232,25.9302,12.3226,0.03968,0.01024,0.01792,0.01536,0.02048,0.00256,0.00256,3.75296,11.8413,53.9558,68.6925,
4096,10,1.21651e+06,15.9002,0.17152,28.4659,12.279,0.0512,0.0128,0.02944,0.0128,0.00768,0.00256,0.00256,3.75296,11.8374,56.4544,72.5261,
4096,11,1.22971e+06,17.2096,0.19968,30.9811,12.2854,0.05632,0.00512,0.02304,0.00896,0.02688,0,0.00256,3.75296,11.8554,58.9978,76.4071,
4096,12,1.24329e+06,18.5254,0.20096,33.5795,12.2957,0.04864,0.01152,0.02688,0.01408,0.01792,0.00256,0.00512,3.74528,11.849,61.5962,80.3226,
4096,13,1.2572e+06,19.8246,0.22272,36.0922,12.2931,0.06016,0.00512,0.0192,0.02048,0.02176,0.00512,0.00256,2.46912,11.8438,62.8326,82.88,
4096,14,1.27151e+06,21.1034,0.24832,38.7136,12.3021,0.05376,0.01408,0.02816,0.01664,0.01792,0,0.00128,3.77088,11.8477,66.7661,88.1178,
4096,15,1.28627e+06,22.4486,0.25216,41.207,12.2675,0.064,0.02048,0.02944,0.00768,0.02048,0.00128,0.00256,3.7632,11.8131,69.1968,91.8976,
4096,16,1.30141e+06,23.7466,0.2752,43.8093,12.2995,0.0755199,0.00512,0.02304,0.01792,0.03072,0.00128,0.00256,3.7696,11.8515,71.8861,95.9078,
4096,17,1.31695e+06,25.088,0.29312,46.2451,12.2982,0.06528,0.01024,0.03456,0.0128,0.0384,0.00384,0.00128,3.75552,11.8618,74.327,99.7082,
4096,18,1.33288e+06,26.3795,0.30592,48.8806,12.2854,0.05888,0.01152,0.04608,0.01408,0.03072,0.00256,0,3.74912,11.8707,76.9498,103.635,
4096,19,1.34919e+06,27.6774,0.30976,51.4317,12.2765,0.0806399,0.00896,0.03584,0.00768,0.04224,0.00256,0.00384,3.75936,11.8362,79.4854,107.473,
4096,20,1.36589e+06,29.0061,0.33792,53.9379,12.2701,0.0716799,0.01664,0.03584,0.01536,0.03584,0.00128,0.00256,3.76448,11.8528,82.0045,111.348,
4096,70,1.39239e+06,94.208,1.184,181.179,12.2726,0.2304,0.0448,0.11904,0.02816,0.10752,0.00768,0.00896,3.76704,11.8464,209.611,305.004,
4096,80,1.43056e+06,107.288,1.35296,206.47,12.2918,0.2688,0.03712,0.13184,0.0256,0.128,0.00384,0.02048,3.76832,11.8336,234.98,343.621,
4096,90,1.4726e+06,120.387,1.52448,231.799,12.2854,0.30336,0.04736,0.15232,0.03072,0.13952,0.00256,0.01408,3.75552,11.84,260.37,382.281,
4096,100,1.51852e+06,133.325,1.68192,257.504,12.2931,0.33664,0.0512,0.16512,0.0448,0.15232,0.0064,0.00896,3.75936,11.8477,286.17,421.176,
4096,110,1.56831e+06,146.365,1.85856,282.701,12.2931,0.36992,0.05504,0.18048,0.03968,0.16768,0.0128,0.00768,3.7632,11.8682,311.459,459.683,
4096,116,1.62121e+06,154.194,1.95968,297.892,12.2816,0.38016,0.04864,0.2048,0.03584,0.17536,0.01024,0.00768,3.77856,11.8682,326.683,482.836,
8192,2,1.65766e+06,5.50528,0.03968,8.56447,24.7104,0.02048,0.00256,0.00256,0.01792,0.00256,0,0.00256,4.9152,23.977,62.2157,67.7606,
8192,3,1.67667e+06,7.17696,0.06272,11.8246,25.6307,0.03328,0.00768,0.00384,0.0064,0.01408,0.00384,0.00128,5.23392,25.3286,68.0883,75.328,
8192,4,1.69701e+06,8.5504,0.09984,14.5818,25.7011,0.02816,0.00256,0.00512,0.0192,0.0064,0.00128,0.00128,5.25952,25.184,70.7904,79.4407,
8192,5,1.71673e+06,9.4336,0.10112,16.233,24.6784,0.03072,0.00512,0.01024,0.01152,0.0128,0,0,3.65824,23.9962,68.6362,78.1709,
8192,6,1.73662e+06,10.7482,0.11264,18.8096,24.8858,0.0384,0.00384,0.00512,0.01536,0.02432,0.0064,0.00256,4.98176,24.1882,72.9613,83.8221,
8192,7,1.75692e+06,12.0768,0.11648,21.3606,24.6605,0.04224,0.0128,0.00896,0.00896,0.02176,0.00384,0,4.92928,23.9514,75.0004,87.1936,
8192,8,1.7776e+06,13.3978,0.14848,23.9181,24.6592,0.03584,0.00128,0.02048,0.01536,0.02176,0.00384,0.00128,4.9344,23.9718,77.5834,91.1296,
8192,9,1.79852e+06,14.647,0.15616,26.4346,24.704,0.03712,0.01024,0.01408,0.00768,0.02176,0.00384,0.00384,4.93568,23.9949,80.1677,94.9709,
8192,10,1.81978e+06,15.9885,0.17408,28.905,24.7078,0.04736,0.00384,0.01664,0.01024,0.02432,0.00128,0.00384,4.95488,24.0589,82.7341,98.8966,
8192,11,1.84143e+06,17.2506,0.18688,31.5815,24.6758,0.04224,0.0064,0.01792,0.01664,0.02304,0.00384,0.00256,4.94208,24.0026,85.3145,102.752,
8192,12,1.86346e+06,18.5651,0.2112,34.1158,24.617,0.0576,0.00512,0.02432,0.01024,0.02688,0.00384,0.00128,4.95616,24.0576,87.8759,106.652,
8192,13,1.88582e+06,19.8733,0.2112,36.6297,24.6592,0.05888,0.00896,0.02304,0.01024,0.0256,0.00256,0,3.64288,23.9834,89.0445,109.129,
8192,14,1.90856e+06,21.1878,0.25088,39.1974,24.6566,0.05376,0.01664,0.02816,0.00768,0.03456,0,0.00256,4.93056,24.0499,92.978,114.417,
8192,15,1.93177e+06,22.4896,0.25088,41.8099,24.6477,0.05504,0.01152,0.02304,0.0192,0.03584,0.00256,0.00128,4.92672,24.0218,95.5546,118.295,
8192,16,1.95536e+06,23.7606,0.27648,44.2944,24.649,0.0716799,0.00256,0.02688,0.0128,0.04352,0.00128,0.00384,4.93568,24.0013,98.0429,122.08,
8192,17,1.97934e+06,25.1456,0.28288,46.8838,24.6758,0.06784,0.01408,0.032,0.0128,0.02944,0.00128,0.00896,4.92672,24.0743,100.727,126.155,
8192,18,2.00381e+06,26.8352,0.30976,49.9123,24.7731,0.09472,0.01152,0.0192,0.01152,0.04608,0.0064,0.00384,5.00608,24.2406,104.125,131.27,
8192,19,2.02878e+06,28.1383,0.32896,52.2355,24.5965,0.0793599,0.01024,0.032,0.01792,0.0384,0.00128,0.00384,4.89728,23.8848,105.797,134.264,
8192,20,2.05396e+06,29.0534,0.35072,54.441,24.5978,0.0742399,0.01664,0.03712,0.0128,0.02816,0.00512,0.00256,4.91648,23.9539,108.086,137.49,
8192,70,2.08892e+06,94.6074,1.18912,182.012,24.6464,0.23296,0.04992,0.11648,0.03456,0.10496,0.0064,0.00896,4.92032,23.9693,236.102,331.899,
8192,80,2.13565e+06,107.685,1.34912,208.12,24.6797,0.26368,0.03712,0.13568,0.03712,0.11264,0.0128,0.00768,4.9408,23.9987,262.346,371.38,
8192,90,2.18626e+06,120.758,1.51808,233.283,24.617,0.30208,0.04864,0.15104,0.0256,0.15616,0.00512,0.00768,4.91008,23.9616,287.468,409.743,
8192,100,2.24074e+06,133.837,1.71776,258.463,24.64,0.3328,0.05376,0.15616,0.04352,0.15872,0.01024,0.00512,4.93312,23.9514,312.747,448.302,
8192,110,2.29909e+06,146.936,1.8816,284.352,24.6349,0.3584,0.06656,0.18944,0.03072,0.15872,0.01536,0.02304,4.92544,23.9053,338.66,487.478,
8192,116,2.36055e+06,154.87,1.984,299.021,24.6605,0.40192,0.04096,0.2048,0.03584,0.15872,0.0128,0.01792,4.9152,23.9437,353.413,510.267,
16384,2,2.40973e+06,5.48608,0.0512,9.472,49.3056,0.03328,0.01024,0,0.01024,0.00768,0,0.00256,7.1296,47.8336,113.805,119.342,
16384,3,2.44517e+06,6.81984,0.05632,12.0166,49.2826,0.03584,0.00256,0.00256,0.00768,0.01024,0.00256,0,7.1424,47.8567,116.36,123.236,
16384,4,2.48107e+06,8.1536,0.06656,14.6253,49.3082,0.02816,0.00512,0.00512,0.00512,0.01792,0,0,7.14752,47.8951,119.037,127.258,
16384,5,2.51734e+06,9.42848,0.0896,17.2185,49.2672,0.04352,0.00768,0.0128,0.00512,0.0128,0,0,5.82912,47.9309,120.328,129.846,
16384,6,2.55399e+06,10.7878,0.0896,19.7171,49.28,0.02304,0.00512,0.00768,0.01024,0.01792,0.00512,0.00256,7.14496,47.8823,124.096,134.973,
16384,7,2.5911e+06,12.1062,0.11008,22.2976,49.3107,0.02304,0.00256,0.00768,0.01536,0.02048,0.00256,0,7.1552,47.872,126.707,138.923,
16384,8,2.6286e+06,13.3888,0.13568,24.8371,49.2365,0.0384,0.01024,0.01792,0.00768,0.0128,0.00256,0,7.13472,47.8362,129.134,142.659,
16384,9,2.66652e+06,14.6509,0.1664,27.3638,49.1981,0.05888,0.00256,0.01024,0.00512,0.03584,0,0,7.11424,48.0154,131.804,146.621,
16384,10,2.70486e+06,15.9642,0.19456,29.9264,49.2697,0.04864,0.00512,0.0256,0.01792,0.01024,0.00256,0,7.13984,47.913,134.359,150.518,
16384,11,2.74361e+06,17.2774,0.19968,32.5043,49.2749,0.04096,0.01792,0.01024,0.01024,0.02048,0.00256,0.01024,7.13729,47.8541,136.883,154.36,
16384,12,2.78251e+06,18.5446,0.20736,35.113,49.2877,0.064,0.01536,0.02304,0.01792,0.01792,0,0,7.11168,47.9821,139.633,158.385,
16384,13,2.82157e+06,19.904,0.21248,37.6218,49.2928,0.05376,0.01024,0.02304,0.0128,0.03072,0.00512,0.00256,5.85984,47.9488,140.861,160.978,
16384,14,2.86101e+06,21.1968,0.2432,40.0973,49.2928,0.0768,0.00768,0.02048,0.00768,0.0256,0,0.00256,7.16032,47.895,144.586,166.026,
16384,15,2.90093e+06,22.464,0.25344,42.8211,49.3209,0.07424,0.00256,0.03584,0.00512,0.02816,0,0,7.18593,47.9923,147.466,170.184,
16384,16,2.94126e+06,23.7798,0.27648,45.1891,49.2902,0.0512,0.02048,0.02816,0.00256,0.02048,0.00256,0.00512,7.20897,48.0512,149.87,173.926,
16384,17,2.98198e+06,25.1981,0.29184,47.8438,49.3082,0.06656,0.02048,0.02304,0.01024,0.02304,0.00512,0.01024,7.22689,48.0026,152.54,178.03,
16384,18,3.02313e+06,26.4806,0.30976,50.4013,49.344,0.07936,0.00768,0.03072,0.01024,0.03584,0.00256,0.00768,7.27553,48.0102,155.205,181.996,
16384,19,3.06468e+06,27.7939,0.3072,52.9408,49.2979,0.07936,0.00768,0.02816,0.01792,0.0384,0,0.00512,7.28065,48.0717,157.768,185.869,
16384,20,3.10658e+06,29.0739,0.3712,55.4189,49.2109,0.11776,0.01024,0.01536,0.00768,0.03328,0.00768,0,7.29089,47.9821,160.095,189.54,
16384,70,3.15831e+06,94.633,1.18016,183.188,49.2749,0.23552,0.03584,0.12288,0.04352,0.0896,0.00512,0.00768,7.32673,48.1664,288.497,384.31,
16384,80,3.2218e+06,107.648,1.34656,208.481,49.2134,0.27136,0.04352,0.14848,0.0256,0.12544,0.00768,0.00512,7.30881,47.9539,313.585,422.579,
16384,90,3.28913e+06,120.671,1.536,234.038,49.2646,0.29696,0.0512,0.13824,0.04352,0.14592,0.00256,0.0128,7.30881,47.7901,339.092,461.299,
16384,100,3.36032e+06,133.829,1.70496,259.085,49.2211,0.34048,0.0512,0.1664,0.03584,0.13824,0.01024,0.01792,7.24737,47.7466,364.06,499.594,
16384,110,3.43538e+06,146.895,1.87136,284.989,49.2083,0.384,0.05888,0.16896,0.064,0.1408,0.00768,0.01024,7.26273,47.8618,390.157,538.924,
16384,116,3.51364e+06,154.988,1.984,300.595,49.3133,0.384,0.0768,0.17408,0.04864,0.16896,0.00512,0.00768,7.28577,47.872,405.931,562.903,
32768,2,3.58751e+06,5.48608,0.0384,11.3971,98.5728,0.0128,0.00512,0.0128,0.00768,0.00768,0,0,11.6531,96.8115,218.481,224.005,
32768,3,3.6554e+06,6.81728,0.03584,13.9443,98.5497,0.02048,0.00512,0.00256,0.0128,0.0128,0.00256,0,11.6506,96.7142,220.915,227.768,
32768,4,3.72366e+06,8.10752,0.06912,16.5094,98.519,0.03584,0,0.01024,0.00512,0.00512,0.00768,0.00256,11.6378,96.7936,223.526,231.703,
32768,5,3.79228e+06,9.4848,0.08704,19.0464,98.4909,0.04096,0.01024,0.00512,0.01792,0.01792,0.00768,0.00256,10.3424,97.0163,224.998,234.57,
32768,6,3.86127e+06,10.7622,0.11008,21.6141,98.5011,0.03328,0,0.01024,0.0128,0.01536,0.00256,0,11.7094,96.9523,228.851,239.723,
32768,7,3.93069e+06,12.0806,0.14336,24.1459,98.4704,0.04096,0.00512,0.01536,0.01536,0.02304,0,0.00256,11.6147,96.6682,231.002,243.226,
32768,8,4.00046e+06,13.3811,0.14336,26.7085,98.4627,0.03584,0.00768,0.01792,0.01024,0.02816,0.00256,0.00256,11.5866,96.7398,233.603,247.127,
32768,9,4.07064e+06,14.6637,0.12032,29.2736,98.4729,0.04864,0.0128,0.00256,0.01792,0.01792,0.00512,0.00256,11.6608,96.6835,236.198,250.982,
32768,10,4.14121e+06,15.9718,0.17664,31.8413,98.5062,0.05632,0.00256,0.01792,0.00768,0.01536,0.00256,0,11.6608,96.599,238.71,254.858,
32768,11,4.21216e+06,17.2441,0.18176,34.3373,98.4576,0.05888,0.00512,0.02304,0.00768,0.02304,0.00512,0,11.6096,96.9856,241.513,258.939,
32768,12,4.28349e+06,18.6035,0.19712,36.8947,98.4653,0.05632,0.00512,0.01536,0.0128,0.01792,0,0,11.6224,96.6169,243.707,262.508,
32768,13,4.35511e+06,19.8759,0.24576,39.424,98.4422,0.04096,0.01024,0.03584,0.00512,0.03072,0,0,10.3219,96.5734,244.885,265.006,
32768,14,4.42715e+06,21.2019,0.256,42.0505,98.4883,0.06656,0.01536,0.03072,0.01536,0.03072,0,0.00512,11.6019,96.64,248.945,270.403,
32768,15,4.49963e+06,22.4666,0.23552,44.5593,98.4627,0.05632,0.01024,0.05632,0.00512,0.0256,0,0,11.5968,96.6195,251.392,274.094,
32768,16,4.5726e+06,23.9206,0.27136,48.8858,98.4576,0.04608,0.01536,0.0256,0.01536,0.0256,0,0.00512,11.6429,96.9728,256.092,280.284,
32768,17,4.64771e+06,25.2877,0.24064,55.6442,98.7699,0.06144,0.00512,0.02048,0.0256,0.03584,0,0.00512,11.7555,96.7526,263.076,288.604,
32768,18,4.72382e+06,26.6087,0.28672,58.1683,98.7648,0.0512,0.02048,0.04608,0.01536,0.0256,0,0,11.735,96.64,265.467,292.362,
32768,19,4.80032e+06,27.8733,0.35328,60.8154,98.7494,0.09216,0,0.02048,0.01024,0.04608,0,0,11.7146,96.8243,268.273,296.499,
32768,20,4.87722e+06,29.1891,0.34304,63.3446,98.8109,0.08192,0.01536,0.0256,0.01024,0.04608,0.00512,0,11.7197,96.8295,270.889,300.421,
32768,70,4.96394e+06,94.7609,1.17248,191.759,98.6982,0.19968,0.09216,0.0768,0.06144,0.09216,0.01024,0,11.6685,96.9318,399.59,495.524,
32768,80,5.06243e+06,107.817,1.35168,217.702,98.5344,0.24064,0.0512,0.1536,0.04096,0.08704,0.00512,0.0256,11.6992,96.6297,425.17,534.339,
32768,90,5.16479e+06,120.929,1.51552,243.226,98.7238,0.29184,0.0512,0.14848,0.07168,0.128,0.00512,0,11.7197,96.5581,450.924,573.368,
32768,100,5.27102e+06,134.021,1.71008,268.493,98.8057,0.34304,0.03072,0.18432,0.05632,0.14848,0.00512,0.0256,11.6634,96.7168,476.472,612.203,
32768,110,5.38118e+06,147.139,1.87904,294.625,98.7904,0.35328,0.06144,0.19968,0.04608,0.1536,0.01024,0.01024,11.6787,96.5939,502.523,651.54,
32768,116,5.49436e+06,154.757,1.96608,309.064,98.6061,0.38912,0.06656,0.18432,0.07168,0.16896,0.00512,0.01024,11.6787,96.4966,516.741,673.464,
65536,2,5.62082e+06,5.51936,0.03072,25.8509,197.581,0.03072,0,0,0,0.01536,0,0,20.4698,192.768,436.715,442.265,
65536,3,5.75909e+06,6.83009,0.04608,28.4672,197.458,0.01536,0.00512,0,0.00512,0.01024,0.00512,0,20.4902,192.701,439.158,446.034,
65536,4,5.89774e+06,8.14592,0.07168,31.0272,197.443,0.0256,0.00512,0.00512,0.01024,0.01024,0,0,20.4646,192.492,441.482,449.7,
65536,5,6.03669e+06,9.45665,0.14848,33.5104,197.432,0.0256,0.00512,0.01536,0.02048,0.00512,0,0,19.1949,193.178,443.387,452.992,
65536,6,6.17603e+06,10.7776,0.11776,36.1575,197.524,0.03584,0.00512,0,0.01536,0.01536,0,0,20.5466,192.579,446.879,457.774,
65536,7,6.31583e+06,12.0576,0.11776,38.6509,197.494,0.03584,0.00512,0.01536,0.01536,0.0256,0.01024,0.00512,20.4544,192.466,449.177,461.353,
65536,8,6.45604e+06,13.44,0.128,41.2672,197.33,0.04608,0,0.01024,0.01024,0.01536,0,0,20.521,192.773,451.973,465.541,
65536,9,6.59659e+06,14.7303,0.16384,43.9296,197.386,0.04096,0,0.01536,0.01024,0.0256,0.00512,0,20.5465,192.599,454.559,469.453,
65536,10,6.73832e+06,16.3021,0.2048,47.3702,199.808,0.06144,0.00512,0.01024,0.01024,0.03584,0,0.01024,20.9357,195.615,463.862,480.369,
65536,11,6.88094e+06,17.367,0.1792,49.2083,197.463,0.04096,0.01536,0.01536,0.02048,0.01024,0.00512,0.00512,20.8333,193.664,461.281,478.827,
65536,12,7.02294e+06,18.7136,0.19456,52.0089,197.944,0.03072,0.00512,0.03072,0.01536,0.03072,0.00512,0,20.9357,193.761,464.768,483.676,
65536,13,7.16544e+06,20.0141,0.22016,54.3129,197.514,0.0512,0.0256,0.01536,0.02048,0.03584,0.00512,0,19.3024,193.326,464.609,484.843,
65536,14,7.30799e+06,21.3402,0.21504,56.7347,197.463,0.09728,0.0256,0.0256,0.00512,0.02048,0,0,20.5824,193.357,468.311,489.867,
65536,15,7.45093e+06,22.6714,0.22528,59.4073,197.422,0.08192,0,0.02048,0.01024,0.03072,0.00512,0.01024,20.6029,192.947,470.538,493.435,
65536,16,7.59427e+06,23.8797,0.3328,61.8803,197.453,0.05632,0.01024,0.03072,0.00512,0.03584,0,0.01536,20.6438,193.08,473.211,497.424,
65536,17,7.73802e+06,25.216,0.29696,64.4608,197.473,0.13824,0.00512,0.0512,0.01024,0.04096,0,0,20.6285,192.471,475.28,500.792,
65536,18,7.88216e+06,26.5523,0.33792,67.0874,197.514,0.08704,0.0256,0.0512,0.00512,0.03584,0.00512,0,20.6387,193.434,478.884,505.774,
65536,19,8.02674e+06,27.904,0.3072,69.5859,197.432,0.1024,0.01024,0.0256,0.01024,0.0256,0,0.00512,20.6387,193.265,481.101,509.312,
65536,20,8.17172e+06,29.2096,0.34816,72.2227,197.571,0.1024,0.02048,0.02048,0.01536,0.0512,0,0,20.6131,193.203,483.82,513.377,
65536,70,8.32648e+06,94.6842,1.2032,200.684,197.412,0.19456,0.05632,0.128,0.03072,0.13824,0.01024,0.01024,20.5977,193.019,612.28,708.168,
65536,80,8.4931e+06,107.817,1.32608,226.391,197.453,0.29696,0.04096,0.13312,0.03072,0.12288,0.01024,0.02048,20.6182,193.111,638.229,747.371,
65536,90,8.66363e+06,120.893,1.57184,252.099,197.627,0.22016,0.08704,0.128,0.0512,0.14336,0.02048,0,20.6234,192.676,663.675,786.14,
65536,100,8.8381e+06,133.929,1.67936,277.944,197.366,0.3584,0.08192,0.11264,0.08192,0.18432,0,0.01024,20.5414,193.229,689.91,825.518,
65536,110,9.01645e+06,146.893,1.90464,303.811,197.489,0.37888,0.04096,0.16384,0.09216,0.12288,0.03072,0,20.5926,192.573,715.295,864.093,
65536,116,9.19782e+06,154.982,1.9456,319.027,197.55,0.34816,0.06144,0.24576,0.06144,0.17408,0,0,20.5107,192.86,730.839,887.767,
131072,2,9.42677e+06,5.55008,0.03072,43.8579,394.813,0.03072,0.01024,0,0.01024,0.01024,0.01024,0,37.9597,385.208,861.911,867.492,
131072,3,9.70115e+06,6.8096,0.08192,46.5306,394.865,0.02048,0.01024,0,0.01024,0,0,0,38.0211,384.379,863.837,870.727,
131072,4,9.97591e+06,8.11008,0.04096,48.9165,395.264,0.01024,0,0.02048,0,0,0,0,38.0416,384.635,866.888,875.039,
131072,5,1.02512e+07,9.5232,0.07168,51.6608,395.049,0.02048,0,0,0.01024,0.01024,0,0,36.7923,384.87,868.413,878.009,
131072,6,1.05268e+07,10.7622,0.1536,54.0979,394.875,0.03072,0.02048,0.01024,0.01024,0.03072,0,0,38.1542,384.686,871.915,882.831,
131072,7,1.08027e+07,12.0934,0.07168,56.832,394.885,0.04096,0.01024,0,0,0.02048,0,0,38.0928,384.317,874.199,886.364,
131072,8,1.10791e+07,13.4349,0.08192,59.3408,395.049,0.02048,0,0.01024,0.01024,0.01024,0,0.01024,38.103,384.87,877.425,890.941,
131072,9,1.13559e+07,14.6739,0.12288,61.952,395.008,0.02048,0,0.02048,0,0.02048,0,0,38.0928,385.004,880.118,894.915,
131072,10,1.16331e+07,16.0358,0.2048,64.4813,395.08,0.04096,0.01024,0.03072,0.04096,0,0,0,38.0006,385.352,883.036,899.277,
131072,11,1.19107e+07,17.3773,0.22528,67.031,394.834,0.0512,0,0.01024,0.01024,0.06144,0,0,38.0826,384.922,885.002,902.605,
131072,12,1.21888e+07,18.6061,0.16384,69.7651,395.059,0.0512,0,0.02048,0.01024,0.03072,0,0,38.0518,384.983,887.971,906.742,
131072,13,1.24671e+07,20.1114,0.19456,72.2432,395.039,0.02048,0.01024,0.06144,0.02048,0.02048,0,0,36.7821,385.014,889.21,909.517,
131072,14,1.2746e+07,21.3402,0.21504,74.8134,394.987,0.0512,0.02048,0,0,0.06144,0,0,38.2054,385.321,893.461,915.015,
131072,15,1.30252e+07,22.6816,0.26624,77.3837,394.895,0.06144,0.01024,0.04096,0.01024,0.04096,0,0.02048,38.0621,385.372,895.898,918.846,
131072,16,1.33048e+07,23.9821,0.24576,79.9642,395.141,0.04096,0.03072,0.03072,0.03072,0.02048,0.01024,0,38.1747,385.065,898.509,922.737,
131072,17,1.35847e+07,25.4566,0.2048,82.5241,394.854,0.03072,0.01024,0.01024,0.04096,0.04096,0.01024,0.02048,38.2771,384.983,900.802,926.464,
131072,18,1.38651e+07,26.6445,0.28672,85.0739,395.039,0.11264,0,0.02048,0.02048,0.01024,0,0,38.1645,385.372,903.814,930.744,
131072,19,1.4146e+07,27.8733,0.36864,87.6544,395.203,0.08192,0.03072,0.01024,0.01024,0.07168,0,0,38.1338,384.963,906.159,934.4,
131072,20,1.44272e+07,29.2762,0.24576,90.2554,394.906,0.08192,0.01024,0.02048,0.02048,0.03072,0.01024,0,38.1338,384.184,907.654,937.175,
131072,70,1.47182e+07,94.7609,1.15712,218.839,394.926,0.2048,0.04096,0.11264,0.06144,0.12288,0,0,38.0928,385.72,1038.12,1134.04,
131072,80,1.50211e+07,107.858,1.37216,244.582,394.926,0.32768,0.04096,0.1024,0.01024,0.16384,0,0,38.0928,384.727,1062.97,1172.2,
131072,90,1.53277e+07,120.934,1.55648,270.141,394.865,0.34816,0.02048,0.17408,0.0512,0.14336,0,0.01024,38.1133,384.42,1088.29,1210.78,
131072,100,1.56381e+07,134.042,1.6896,295.322,394.998,0.32768,0.04096,0.16384,0.02048,0.11264,0,0.02048,38.2259,384.256,1113.49,1249.22,
131072,110,1.59524e+07,147.118,1.88416,321.157,394.936,0.3072,0.04096,0.17408,0.03072,0.256,0,0.02048,38.0825,385.085,1140.09,1289.09,
131072,116,1.627e+07,154.993,1.93536,336.773,394.793,0.4096,0.08192,0.21504,0.02048,0.12288,0,0.02048,38.1133,384.707,1155.26,1312.18,
