Data Size(KB),No. Tags,Launch Time,Init ,Decryption key generation,Encryption of KP-ABE,Encrypt of Payload by Pub,Interests Encryption,Encrypt Of Tags,Search and  decryption time on B1,Evaluation of tree by B3,Decryption of KP-ABE,Decryption of Payload by sub,Total Time without Init,Total Time,
1,2,840.36,5.74858,4.14767,4.14306,0.00818,0.01386,0.00442,0.00579,0.00128,2.75309,0.00776,6.93744,16.8337,
1,3,2721.53,7.05466,5.47707,5.46815,0.00725,0.01635,0.00605,0.00719,0.00123,2.74366,0.00676,8.25664,20.7884,
1,4,5009.36,8.43559,6.85196,6.85157,0.00732,0.01947,0.00775,0.00877,0.00137,2.75143,0.00707,9.65475,24.9423,
1,5,7649.42,9.87974,8.26339,8.2341,0.00783,0.02334,0.00946,0.01094,0.00154,1.38834,0.00688,9.68243,27.8256,
1,6,10703.3,11.2486,9.60686,9.56108,0.0076,0.0263,0.01116,0.01223,0.00144,2.75802,0.00723,12.3851,33.2405,
1,7,14233,12.6254,10.9923,10.9394,0.0076,0.02976,0.01281,0.01411,0.00161,2.74779,0.00683,13.7599,37.3776,
1,8,18197.4,14.1386,12.472,12.4259,0.00941,0.03434,0.01489,0.01595,0.00189,2.77876,0.00792,15.2891,41.8996,
1,9,22588.4,15.4073,13.7351,13.6931,0.00804,0.0363,0.01614,0.01752,0.00164,2.75668,0.00696,16.5364,45.6788,
1,10,27355.5,16.7436,15.079,15.0092,0.00722,0.03904,0.01756,0.019,0.00162,2.7447,0.00684,17.8452,49.6677,
1,11,32528.2,18.1018,16.4205,16.3742,0.00744,0.04214,0.0196,0.02036,0.00196,2.74562,0.00656,19.2179,53.7402,
1,12,38115.4,19.482,17.8551,17.7469,0.00752,0.04564,0.02096,0.0224,0.00172,2.75176,0.00648,20.6034,57.9404,
1,13,44050.4,20.8924,19.2124,19.0799,0.00756,0.04868,0.02296,0.02368,0.00216,1.3774,0.00692,20.5692,60.6741,
1,14,50393.1,22.2592,20.582,20.4465,0.00784,0.0518,0.0246,0.02572,0.0022,2.74508,0.00648,23.3102,66.1514,
1,15,57215.4,23.6194,21.9238,21.7841,0.00768,0.05528,0.02636,0.02728,0.00212,2.74624,0.00672,24.6558,70.199,
1,16,64442,24.9929,23.3002,23.1594,0.00784,0.0588,0.02752,0.02888,0.00236,2.75032,0.00704,26.0422,74.3352,
1,17,72089.3,26.3898,24.746,24.4946,0.0084,0.06208,0.02952,0.0308,0.00184,2.74736,0.00672,27.3814,78.5171,
1,18,80148,27.7755,26.0808,25.8884,0.00792,0.06496,0.03144,0.03272,0.00216,2.7476,0.00712,28.7823,82.6386,
1,19,88624.9,29.1754,27.4651,27.2562,0.0076,0.06896,0.03312,0.03328,0.00272,2.7516,0.00696,30.1605,86.801,
1,20,97512.8,30.5394,28.8277,28.6318,0.00824,0.07264,0.03448,0.0356,0.00296,2.7488,0.00648,31.541,90.9082,
1,70,116791,99.3534,97.3778,96.5991,0.0096,0.23504,0.1184,0.11928,0.00648,2.74336,0.00696,99.8382,296.569,
1,80,148499,113.151,111.112,110.329,0.01088,0.2668,0.1352,0.13512,0.00895999,2.7504,0.00744,113.644,337.907,
1,90,184327,126.984,124.78,123.595,0.00879999,0.30112,0.15168,0.15184,0.00816,2.75808,0.00736,126.982,378.746,
1,100,224293,140.876,138.327,137.534,0.01104,0.33312,0.16928,0.1696,0.00911999,2.7568,0.008,140.991,420.194,
1,110,268316,154.499,152.035,150.958,0.01136,0.3624,0.1864,0.1848,0.01152,2.76208,0.00672,154.483,461.017,
1,116,315692,163.076,161.171,159.637,0.00992,0.3872,0.19584,0.1968,0.01184,2.77344,0.00768,163.22,487.467,
1024,2,342279,5.76032,4.15776,4.18528,3.23808,0.01248,0.00544,0.00672,0.00128,3.05984,3.0608,13.5699,23.488,
1024,3,346326,7.13824,5.4976,5.53536,3.24192,0.01984,0.00672,0.00384,0.00192,3.05856,3.05376,14.9219,27.5578,
1024,4,350777,8.52608,6.8736,6.88192,3.2448,0.01888,0.01056,0.008,0,3.0688,3.07296,16.3059,31.7056,
1024,5,355558,9.92064,8.25536,8.24352,3.24032,0.024,0.01056,0.00832,0.00128,1.70496,3.08544,16.3184,34.4944,
1024,6,360747,11.3168,9.61088,9.58304,3.24064,0.02816,0.01088,0.01312,0.00096,3.0768,3.08064,19.0342,39.9619,
1024,7,366415,12.7005,10.9814,10.9488,3.24352,0.02976,0.01472,0.01248,0.00224,3.06816,3.06304,20.3827,44.0646,
1024,8,372493,14.0573,12.3523,12.3053,3.24224,0.03392,0.01184,0.01824,0.00128,3.06304,3.06432,21.7402,48.1497,
1024,9,378974,15.4122,13.655,13.6566,3.24352,0.03712,0.01568,0.01856,0.00128,3.0592,3.0608,23.0928,52.16,
1024,10,385862,16.792,15.0326,14.9747,3.24192,0.04032,0.01696,0.01952,0.00192,3.0512,3.07328,24.4198,56.2445,
1024,11,393161,18.185,16.4259,16.3411,3.24896,0.04384,0.01952,0.02144,0.00288,3.05728,3.06048,25.7955,60.4064,
1024,12,400872,19.5482,17.8134,17.6602,3.23936,0.04768,0.02016,0.02272,0.00256,3.0528,3.06592,27.1114,64.473,
1024,13,408927,20.936,19.1552,19.0672,3.23808,0.05024,0.024,0.02304,0.00384,1.67936,3.06368,27.1494,67.2406,
1024,14,417391,22.3021,20.5427,20.3469,3.24224,0.05344,0.02368,0.024,0.00224,3.0544,3.06496,29.8118,72.6567,
1024,15,426331,23.6774,21.8371,21.8346,3.24128,0.05536,0.02496,0.02752,0.00256,3.0608,3.06624,31.3133,76.8279,
1024,16,435687,25.071,23.2374,23.119,3.23872,0.06144,0.0288,0.02944,0.0016,3.0592,3.0624,32.6006,80.9091,
1024,17,445451,26.4976,24.6163,24.3395,3.23936,0.06528,0.03008,0.03008,0.0032,3.0544,3.064,33.8259,84.9398,
1024,18,455623,27.8198,25.9664,25.8557,3.24288,0.06784,0.03104,0.03168,0.00448,3.05984,3.06112,35.3546,89.1408,
1024,19,466210,29.1882,27.3434,27.1638,3.24032,0.06848,0.03456,0.03424,0.00256,3.05856,3.05632,36.6589,93.1904,
1024,20,477205,30.5632,28.7286,28.5392,3.24224,0.07296,0.03488,0.03616,0.00192,3.056,3.07232,38.0557,97.3475,
1024,70,498571,99.5882,96.8429,96.2189,3.24736,0.23424,0.12,0.11904,0.00832,3.07232,3.06816,106.088,302.519,
1024,80,532318,113.314,110.558,109.592,3.24576,0.26816,0.13696,0.136,0.0096,3.07136,3.05504,119.515,343.387,
1024,90,570156,127.044,124.239,123.186,3.24736,0.30144,0.15104,0.1504,0.01344,3.07584,3.06304,133.188,384.471,
1024,100,612097,140.908,137.574,136.723,3.24928,0.33472,0.16768,0.1696,0.00896,3.0784,3.06944,146.801,425.283,
1024,110,658139,154.634,150.932,150.372,3.2544,0.36864,0.18304,0.1856,0.01216,3.07712,3.07264,160.526,466.091,
1024,116,707430,162.916,159.125,158.004,3.24672,0.38528,0.19968,0.19328,0.01216,3.0752,3.07712,168.194,490.235,
2048,2,735912,5.76576,4.12544,4.23552,6.48576,0.01152,0.00576,0.0064,0.00128,3.37728,6.15872,20.2822,30.1735,
2048,3,742138,7.18592,5.4944,5.6352,6.48,0.0224,0.00704,0.00704,0.00064,3.39328,6.18112,21.7267,34.407,
2048,4,748791,8.56512,6.89728,6.99968,6.48576,0.02432,0.00832,0.0096,0.00192,3.39328,6.17472,23.0976,38.56,
2048,5,755795,9.94752,8.23296,8.36416,6.49472,0.02624,0.0096,0.01664,0.00192,2.02176,6.18304,23.1181,41.2986,
2048,6,763203,11.328,9.60256,9.6928,6.48448,0.02816,0.01024,0.01664,0.00064,3.38048,6.16512,25.7786,46.7091,
2048,7,771092,12.72,10.9715,11.0592,6.48192,0.0288,0.016,0.01728,0.00128,3.38368,6.19904,27.1872,50.8787,
2048,8,779383,14.0947,12.3699,12.4339,6.48384,0.03776,0.01088,0.01792,0.00384,3.38432,6.17984,28.5523,55.017,
2048,9,788045,15.4426,13.7011,13.7331,6.48384,0.04288,0.01536,0.01856,0.0032,3.37664,6.20096,29.8746,59.0182,
2048,10,797109,16.8301,15.0579,15.1226,6.4896,0.0448,0.01536,0.0192,0.0032,3.38112,6.18368,31.2595,63.1475,
2048,11,806587,18.2144,16.4218,16.4877,6.48448,0.04224,0.02368,0.02176,0.00064,3.38048,6.19776,32.6387,67.2749,
2048,12,816475,19.5661,17.8042,17.8374,6.4928,0.04992,0.0224,0.01664,0.00128,3.37728,6.16896,33.9667,71.337,
2048,13,826702,20.9491,19.1373,19.1328,6.49024,0.05184,0.02176,0.02176,0.00576,2.01152,6.19264,33.9283,74.0147,
2048,14,837358,22.5165,20.697,20.6752,6.5248,0.05568,0.02688,0.02624,0.00064,3.40544,6.23744,36.9523,80.1658,
2048,15,848588,23.8822,22.073,22.023,6.52352,0.0608,0.02688,0.02816,0.0032,3.40416,6.22336,38.2931,84.2483,
2048,16,860136,25.0931,23.2538,23.1955,6.4864,0.06208,0.03072,0.0288,0.0032,3.40032,6.18816,39.3952,87.7421,
2048,17,872075,26.4768,24.6368,24.5594,6.4928,0.064,0.03136,0.02944,0.00384,3.39904,6.20288,40.7827,91.8963,
2048,18,884425,27.8605,25.8957,25.8573,6.49024,0.06976,0.03072,0.03328,0.00256,3.39648,6.21504,42.0954,95.8515,
2048,19,897183,29.257,27.3094,27.2614,6.4832,0.07232,0.03456,0.03456,0.00576,3.38112,6.18176,43.4547,100.021,
2048,20,910346,30.5901,28.6464,28.6106,6.48704,0.07744,0.0352,0.03776,0.00384,3.37984,6.18816,44.8198,104.056,
2048,70,933868,99.5859,96.9459,96.2438,6.49408,0.23872,0.1184,0.1184,0.00896,3.38624,6.19328,112.802,309.334,
2048,80,969789,113.435,110.467,109.677,6.48832,0.26944,0.13568,0.1344,0.00832,3.38176,6.1696,126.265,350.166,
2048,90,1.00983e+06,127.178,124.651,123.294,6.50176,0.304,0.1568,0.15232,0.00832,3.38816,6.17792,139.983,391.812,
2048,100,1.05397e+06,140.923,137.515,136.671,6.48896,0.33984,0.16512,0.1696,0.01152,3.39712,6.16896,153.412,431.85,
2048,110,1.10214e+06,154.902,151.909,149.583,6.46272,0.36736,0.18048,0.18944,0.0128,3.38688,6.12736,166.31,473.121,
2048,116,1.15362e+06,162.935,159.456,158.194,6.49984,0.39168,0.192,0.19456,0.00896,3.40224,6.20032,175.083,497.474,
4096,2,1.18541e+06,5.78944,4.12544,4.4736,12.9894,0.02432,0.01024,0.00768,0,3.97696,12.5005,33.9827,43.8976,
4096,3,1.19601e+06,7.17697,5.5104,5.84192,12.9933,0.02048,0.00512,0.00512,0.00128,3.98976,12.5197,35.3766,48.064,
4096,4,1.20704e+06,8.58239,6.87104,7.22048,12.9933,0.02304,0.00896,0.00896,0.00128,3.98976,12.5133,36.759,52.2125,
4096,5,1.21842e+06,9.952,8.23296,8.54528,12.983,0.03968,0.01664,0.01024,0.00128,2.61504,12.4954,36.7066,54.8915,
4096,6,1.23022e+06,11.3446,9.59743,9.91872,12.9843,0.0256,0.01536,0.01408,0.00128,3.98976,12.5043,39.4534,60.3955,
4096,7,1.24242e+06,12.7245,10.9798,11.2602,12.983,0.0384,0.01536,0.01792,0.00128,3.9872,12.5133,40.8166,64.5209,
4096,8,1.25501e+06,14.1005,12.3533,12.6144,12.9882,0.03584,0.02176,0.02432,0.00128,3.97696,12.4954,42.1581,68.6118,
4096,9,1.26801e+06,15.4522,13.7075,14.0006,12.9882,0.03584,0.01664,0.02688,0.00128,3.97952,12.5018,43.5507,72.7104,
4096,10,1.28141e+06,16.841,15.0822,15.3114,13.0022,0.04608,0.02176,0.02432,0.00384,3.96928,12.4966,44.8755,76.7987,
4096,11,1.29523e+06,18.2131,16.425,16.6579,12.9856,0.04608,0.0192,0.02048,0.00128,3.98976,12.5094,46.2298,80.8678,
4096,12,1.30946e+06,19.5878,17.7907,18.039,12.992,0.064,0.0192,0.01536,0.00256,3.98208,12.5555,47.6698,85.0483,
4096,13,1.32404e+06,20.9907,19.1539,19.4035,12.9766,0.06528,0.02176,0.02304,0,2.62528,12.5568,47.6723,87.817,
4096,14,1.33902e+06,22.3424,20.5261,20.7219,12.9882,0.04608,0.03712,0.02688,0.00256,3.9744,12.5094,50.3066,93.175,
4096,15,1.35448e+06,23.7222,21.8701,22.0403,12.9958,0.05376,0.03072,0.03584,0.00128,3.98848,12.5504,51.6966,97.289,
4096,16,1.37036e+06,25.1379,23.209,23.4176,12.983,0.06784,0.02304,0.0384,0.00128,3.98208,12.5325,53.0457,101.393,
4096,17,1.38664e+06,26.5088,24.6029,24.7603,12.9907,0.0831999,0.01792,0.03328,0.00256,3.9872,12.5542,54.4294,105.541,
4096,18,1.40334e+06,27.9014,26.0109,26.1005,12.9869,0.0793599,0.02944,0.03584,0.00256,3.98848,12.4954,55.7184,109.631,
4096,19,1.42044e+06,29.2557,27.2653,27.5008,12.9971,0.0704,0.03712,0.02688,0.00256,3.99488,12.5235,57.1533,113.674,
4096,20,1.43795e+06,30.6227,28.7219,28.7526,12.9792,0.0896,0.0256,0.0384,0.0064,3.99104,12.5005,58.3834,117.728,
4096,70,1.46583e+06,99.6262,97.0189,96.3559,13.0074,0.24832,0.12032,0.11776,0.0128,3.97824,12.5005,126.341,322.986,
4096,80,1.50609e+06,113.363,110.428,109.855,12.9958,0.2688,0.13184,0.13696,0.01664,3.98976,12.5542,139.949,363.74,
4096,90,1.55044e+06,127.223,124.293,123.329,12.9997,0.31232,0.14848,0.1536,0.0128,3.98592,12.4915,153.434,404.95,
4096,100,1.59891e+06,140.886,137.691,136.922,12.983,0.352,0.16128,0.1728,0.00896,3.99488,12.4979,167.092,445.669,
4096,110,1.65143e+06,154.812,151.188,149.998,12.9971,0.37376,0.19712,0.17792,0.00896,4,12.5069,180.26,486.26,
4096,116,1.70724e+06,162.972,159.461,158.571,12.9882,0.39168,0.2112,0.18304,0.01408,4.0064,12.5363,188.902,511.336,
8192,2,1.74557e+06,5.78304,4.11648,4.896,25.9776,0.0192,0.00768,0.0064,0.00128,5.1776,25.0854,61.1712,71.0707,
8192,3,1.76488e+06,7.18849,5.50528,6.25792,25.984,0.02176,0.00896,0.00896,0.00128,5.17504,25.1341,62.592,75.2857,
8192,4,1.78465e+06,8.57343,6.8992,7.6224,26.0224,0.02432,0.0128,0.00768,0,5.18016,25.1238,63.9936,79.4662,
8192,5,1.80477e+06,9.96352,8.24192,8.98304,25.9955,0.02944,0.00768,0.01152,0.00128,3.81696,25.184,64.0295,82.2349,
8192,6,1.82531e+06,11.3434,9.60512,10.3155,25.9891,0.04352,0.0128,0.01024,0,5.16864,25.2019,66.7418,87.6902,
8192,7,1.84635e+06,12.7309,10.9901,11.6877,25.9725,0.04352,0.01024,0.01664,0.00256,5.18272,25.1686,68.0845,91.8055,
8192,8,1.8678e+06,14.1069,12.3622,13.0816,25.9968,0.03712,0.01536,0.01152,0.0064,5.1776,25.1328,69.4592,95.9284,
8192,9,1.88949e+06,15.4662,13.6858,14.3667,25.9891,0.04224,0.01408,0.0256,0.00512,5.1712,25.1597,70.7737,99.9258,
8192,10,1.91155e+06,16.8294,15.0912,15.7222,25.9904,0.04608,0.01792,0.02048,0,5.16864,25.1866,72.1524,104.073,
8192,11,1.93403e+06,18.2157,16.4608,17.0547,25.984,0.05504,0.02304,0.0128,0.00256,5.17248,25.216,73.5206,108.197,
8192,12,1.95691e+06,19.5942,17.8061,18.4358,25.9865,0.0576,0.01792,0.0192,0.00128,5.16864,25.1725,74.8595,112.26,
8192,13,1.98015e+06,20.9702,19.145,19.7811,25.9866,0.0512,0.03072,0.02176,0.0064,3.79136,25.2454,74.9146,115.03,
8192,14,2.00379e+06,22.3718,20.5965,21.0995,25.9878,0.05248,0.032,0.02304,0.00768,5.17504,25.1033,77.481,120.449,
8192,15,2.02792e+06,23.7363,21.9123,22.4781,25.9865,0.06912,0.02688,0.02688,0,5.18016,25.175,78.9427,124.591,
8192,16,2.05246e+06,25.0777,23.2858,23.8016,26.0057,0.06656,0.01792,0.04608,0.00128,5.17376,25.1929,80.3059,128.669,
8192,17,2.0774e+06,26.423,24.4582,25.1072,25.975,0.0716799,0.032,0.02688,0.00512,5.18655,25.2352,81.6397,132.521,
8192,18,2.10276e+06,27.8925,25.9955,26.551,25.9955,0.0716799,0.0384,0.03328,0.00384,5.18656,25.2237,83.104,136.992,
8192,19,2.12854e+06,29.225,27.2998,27.8733,25.9993,0.0755199,0.03584,0.02944,0.00256,5.1904,25.1354,84.3417,140.867,
8192,20,2.15471e+06,30.6215,28.7309,29.2301,25.9878,0.0768,0.04096,0.03456,0.00384,5.18528,25.1213,85.6806,145.033,
8192,70,2.19125e+06,99.6506,96.8653,96.7629,25.9763,0.2432,0.13568,0.0896,0.01024,5.21728,25.1059,153.541,350.057,
8192,80,2.24018e+06,113.385,110.446,110.423,26.0045,0.29184,0.14848,0.12288,0.00256,5.18912,25.1443,167.327,391.158,
8192,90,2.29321e+06,127.122,124.134,123.843,25.9533,0.32768,0.15104,0.1664,0.00512,5.184,25.1725,180.803,432.059,
8192,100,2.35033e+06,140.959,137.743,137.283,25.9968,0.3328,0.18176,0.17152,0.01024,5.18144,25.1827,194.34,473.042,
8192,110,2.41155e+06,154.742,151.276,150.902,25.9942,0.37632,0.16896,0.18688,0.02048,5.19424,25.1571,208,514.017,
8192,116,2.47603e+06,162.921,159.365,158.612,26.0045,0.42752,0.16896,0.18432,0.02304,5.18912,25.1469,215.757,538.043,
16384,2,2.52738e+06,5.76768,4.11904,5.8496,51.927,0.01536,0.00512,0,0.00768,7.52128,50.2272,115.553,125.44,
16384,3,2.56407e+06,7.18593,5.50144,7.20129,51.9219,0.03328,0.0128,0.00768,0.00256,7.51104,50.4038,117.094,129.782,
16384,4,2.60127e+06,8.55552,6.8736,8.56832,52.0396,0.01792,0.00768,0.00512,0,7.52896,50.1862,118.354,133.783,
16384,5,2.63883e+06,9.95073,8.2432,9.89441,51.968,0.0384,0.02816,0.0128,0,6.14144,50.2886,118.372,136.566,
16384,6,2.6768e+06,11.3638,9.6256,11.2205,51.9705,0.03072,0.02048,0.01024,0,7.50848,50.2733,121.034,142.024,
16384,7,2.71525e+06,12.7309,10.9875,12.6157,51.9552,0.02816,0.01536,0.02816,0.01024,7.5136,50.2605,122.427,146.145,
16384,8,2.75412e+06,14.1082,12.3546,13.9622,51.9603,0.03584,0.02048,0.0128,0,7.5264,50.1939,123.712,150.175,
16384,9,2.79342e+06,15.488,13.6909,15.3011,51.904,0.04864,0.01792,0.01024,0.00256,7.51872,50.3014,125.105,154.283,
16384,10,2.83316e+06,16.7936,14.9939,16.6246,51.9782,0.04864,0.02304,0.02048,0,7.49824,50.3962,126.589,158.377,
16384,11,2.87334e+06,18.2247,16.4685,18.0198,51.9373,0.05888,0.0128,0.01792,0,7.51616,50.1529,127.716,162.409,
16384,12,2.91368e+06,19.5661,17.8125,19.3382,51.9475,0.04864,0.02304,0.02816,0.00256,7.51872,50.3245,129.231,166.61,
16384,13,2.95417e+06,20.9766,19.1309,20.6899,51.9219,0.04352,0.0256,0.03328,0,6.15424,50.3014,129.17,169.277,
16384,14,2.99508e+06,22.3181,20.5773,22.0518,51.9347,0.05888,0.01792,0.03072,0.00768,7.50848,50.2656,131.876,174.771,
16384,15,3.03648e+06,23.7286,21.9392,23.4138,51.9501,0.05376,0.02048,0.03072,0.00512,7.54944,50.3245,133.348,179.016,
16384,16,3.0783e+06,25.1136,23.2858,24.7245,51.9629,0.07168,0.02304,0.04352,0.00256,7.54176,50.2246,134.595,182.994,
16384,17,3.12053e+06,26.5165,24.6272,26.153,51.9501,0.07936,0.04352,0.0256,0.00512,7.54688,50.2118,136.015,187.159,
16384,18,3.16317e+06,27.8656,25.9738,27.4304,51.9142,0.08448,0.03328,0.0256,0.01024,7.59296,50.3296,137.421,191.26,
16384,19,3.20621e+06,29.2429,27.3741,28.8077,51.9577,0.05632,0.03584,0.04352,0.00256,7.56224,50.1197,138.586,195.203,
16384,20,3.24966e+06,30.6151,28.7078,30.1389,51.9424,0.0768,0.0256,0.04352,0.00512,7.57248,50.1657,139.97,199.293,
16384,70,3.30347e+06,99.6403,96.7654,97.5181,51.9654,0.24832,0.13312,0.10496,0.00512,7.56736,50.2681,207.811,404.216,
16384,80,3.36963e+06,113.416,110.605,110.871,51.9884,0.27136,0.14336,0.13312,0.00512,7.57504,50.2528,221.24,445.261,
16384,90,3.43994e+06,127.16,124.15,124.805,51.9449,0.32512,0.13568,0.17664,0.00768,7.55968,50.2656,235.22,486.531,
16384,100,3.51434e+06,140.979,137.718,138.404,51.927,0.35328,0.15872,0.18176,0.0128,7.56736,50.2374,248.842,527.539,
16384,110,3.59284e+06,154.752,151.539,151.544,51.9347,0.36096,0.19456,0.19456,0.00256,7.55456,50.1504,261.937,568.228,
16384,116,3.67461e+06,162.995,159.276,159.754,51.9552,0.37888,0.19456,0.21504,0.0128,7.54688,50.2758,270.333,592.604,
32768,2,3.7514e+06,5.77024,4.11136,7.71583,103.913,0.01536,0,0.00512,0.00256,12.1293,101.432,225.213,235.095,
32768,3,3.82159e+06,7.18593,5.50656,9.08033,103.944,0.03072,0.0128,0.00768,0,12.1446,101.381,226.601,239.293,
32768,4,3.8922e+06,8.59648,6.86336,10.5293,103.949,0.01792,0.00768,0.00768,0.00512,12.1651,101.507,228.188,243.648,
32768,5,3.96315e+06,9.96352,8.22784,11.7786,103.956,0.03072,0.00768,0.01792,0,10.7776,101.601,228.17,246.362,
32768,6,4.03451e+06,11.3152,9.65376,13.1251,103.956,0.02304,0.00768,0.00768,0.00512,12.1626,101.432,230.72,251.689,
32768,7,4.10635e+06,12.7386,10.9901,14.5101,103.967,0.02816,0.01536,0.0128,0,12.1882,101.565,232.287,256.015,
32768,8,4.17862e+06,14.1107,12.3776,15.8208,103.918,0.0512,0.01792,0.01536,0.00512,12.1498,101.404,233.382,259.871,
32768,9,4.25128e+06,15.465,13.7165,17.2032,103.936,0.04352,0.02048,0.0256,0.00256,12.1549,101.437,234.824,264.005,
32768,10,4.32435e+06,16.8678,15.0349,18.5446,103.982,0.0384,0.01536,0.00768,0,12.1523,101.576,236.316,268.219,
32768,11,4.39785e+06,18.2272,16.4096,19.9271,103.967,0.05632,0.00512,0.02048,0,12.1754,101.509,237.66,272.297,
32768,12,4.47185e+06,19.6352,17.7562,21.2941,104.008,0.04096,0.03072,0.02048,0.01024,12.2982,102.088,239.79,277.181,
32768,13,4.54619e+06,20.9715,19.159,22.6304,103.946,0.04608,0.0256,0.00512,0.01024,10.9107,101.821,239.396,279.526,
32768,14,4.62089e+06,22.2362,20.4902,24.0947,104.228,0.06144,0.04608,0.03584,0.00512,12.2163,101.146,241.833,284.559,
32768,15,4.69607e+06,23.7414,21.9136,25.3696,103.864,0.08192,0,0.03584,0.00512,12.2675,101.565,243.19,288.845,
32768,16,4.77176e+06,25.1648,23.255,28.4365,103.977,0.09216,0.0256,0.01024,0.00512,12.2982,101.837,246.682,295.102,
32768,17,4.84961e+06,26.5779,24.7398,34.2425,104.084,0.07168,0.02048,0.01536,0.00512,12.3904,101.673,252.503,303.821,
32768,18,4.92852e+06,28.0166,26.1171,35.5072,104.146,0.05632,0.00512,0.0256,0,12.4058,101.821,253.967,308.101,
32768,19,5.00784e+06,29.4144,27.4688,36.8128,104.084,0.0768,0.05632,0.04608,0,12.3802,101.627,255.084,311.967,
32768,20,5.08756e+06,30.7251,28.8666,38.272,104.064,0.11776,0.01536,0.03072,0,12.3802,101.811,256.691,316.283,
32768,70,5.17768e+06,99.8246,97.5463,106.506,104.171,0.25088,0.128,0.11264,0.00512,12.3853,101.719,325.279,522.65,
32768,80,5.2802e+06,113.659,111.375,120.033,104.049,0.27648,0.128,0.14848,0.01024,12.3443,101.745,338.734,563.768,
32768,90,5.38683e+06,127.365,125.204,133.335,104.105,0.3072,0.14336,0.16384,0.00512,12.3494,101.688,352.097,604.667,
32768,100,5.49762e+06,141.189,138.865,147.108,104.125,0.32256,0.18432,0.16384,0.01536,12.3341,101.914,366.167,646.221,
32768,110,5.61254e+06,154.906,152.197,161.116,104.095,0.39936,0.1792,0.19456,0.02048,12.3699,102.221,380.595,687.698,
32768,116,5.73083e+06,163.277,160.819,168.76,104.069,0.41472,0.18944,0.19456,0.01536,12.416,102.477,388.536,712.633,
65536,2,5.86272e+06,5.77536,4.1472,23.2499,208.2,0.01536,0,0.00512,0,22.4922,204.539,458.501,468.424,
65536,3,6.00645e+06,7.21921,5.504,24.6272,208.149,0.04608,0,0.01536,0,22.4512,204.769,460.058,472.781,
65536,4,6.15059e+06,8.56576,6.87105,26.0352,208.108,0.03072,0.01024,0.01024,0,22.5485,204.672,461.414,476.851,
65536,5,6.29511e+06,9.99936,8.22784,27.3459,208.174,0.03584,0.01024,0.01536,0,21.1149,204.529,461.225,479.452,
65536,6,6.44002e+06,11.3971,9.58977,28.6823,208.118,0.03584,0.01536,0.01536,0,22.4819,204.81,464.158,485.145,
65536,7,6.58541e+06,12.7898,10.9568,29.9981,208.179,0.04608,0.01024,0.01024,0,22.5178,204.713,465.474,489.221,
65536,8,6.73124e+06,14.1056,12.3238,31.3805,208.154,0.04096,0,0.02048,0,22.5229,204.698,466.816,493.245,
65536,9,6.87743e+06,15.5443,13.7216,32.768,208.113,0.03072,0.00512,0.0256,0.00512,22.4563,204.472,467.876,497.142,
65536,10,7.02403e+06,16.937,15.0938,34.2169,208.179,0.03584,0.0256,0.00512,0,22.441,204.518,469.422,501.452,
65536,11,7.17104e+06,18.3245,16.4608,35.5021,208.149,0.03584,0.01024,0.03072,0,22.4666,204.022,470.215,505.001,
65536,12,7.31849e+06,19.7069,17.8842,36.8999,208.169,0.04096,0.03072,0.03072,0,22.4307,204.733,472.335,509.926,
65536,13,7.46633e+06,21.0893,19.2154,38.3795,208.113,0.0768,0.01024,0.01024,0,21.0278,205.174,472.791,513.096,
65536,14,7.6146e+06,22.4461,20.5926,39.6749,208.195,0.0512,0.0256,0.03072,0,22.3693,204.165,474.512,517.55,
65536,15,7.76328e+06,23.8029,22.016,41.0061,208.22,0.06656,0.02048,0.01536,0.00512,22.359,204.201,475.894,521.712,
65536,16,7.91241e+06,25.1494,23.3267,42.3578,208.077,0.06144,0.01024,0.03584,0,22.3539,204.6,477.496,525.973,
65536,17,8.06198e+06,26.7162,24.7962,43.8579,207.524,0.1024,0.04096,0.0256,0,22.2771,204.79,478.617,530.13,
65536,18,8.21189e+06,28.2163,26.4039,45.6551,207.688,0.0768,0.04608,0.03584,0,22.2822,203.607,479.39,534.011,
65536,19,8.36219e+06,29.4093,27.4944,46.4077,208.138,0.06656,0.04608,0.03584,0,22.3744,204.063,481.132,538.035,
65536,20,8.51292e+06,30.7097,28.8154,47.8413,208.164,0.12288,0.04096,0.03072,0,22.3078,204.211,482.719,542.243,
65536,70,8.67408e+06,99.8349,97.5872,116.285,208.087,0.2304,0.18432,0.14336,0.01024,22.1594,204.411,551.511,748.933,
65536,80,8.8477e+06,113.674,111.053,129.679,208.21,0.26624,0.14336,0.1024,0,22.1901,204.124,564.715,789.443,
65536,90,9.02546e+06,127.447,124.856,143.432,208.128,0.29696,0.16384,0.17408,0.02048,22.1082,203.858,578.181,830.484,
65536,100,9.20743e+06,141.076,138.67,157.164,208.148,0.32768,0.18432,0.19456,0,22.016,203.909,591.943,871.69,
65536,110,9.39356e+06,154.911,152.515,170.588,208.169,0.34816,0.14336,0.26624,0,22.0365,203.735,605.286,912.711,
65536,116,9.58303e+06,163.154,160.737,178.872,208.077,0.41984,0.21504,0.13312,0.01024,22.0365,203.684,613.448,937.339,
131072,2,9.82156e+06,5.81632,4.16768,43.1514,416.215,0.04096,0,0,0,40.8166,406.323,906.547,916.531,
131072,3,1.01072e+07,7.23969,5.4272,44.5952,416.184,0.01024,0.01024,0.01024,0.01024,40.8985,406.272,907.991,920.658,
131072,4,1.03932e+07,8.5504,6.89152,45.9264,416.205,0.06144,0.02048,0.01024,0,40.8371,405.975,909.036,924.478,
131072,5,1.06796e+07,9.96352,8.28416,47.2269,416.256,0.03072,0,0.01024,0,39.5162,405.924,908.964,927.211,
131072,6,1.09664e+07,11.3562,9.58464,48.5785,416.195,0.03072,0.02048,0.02048,0,40.9293,406.415,912.189,933.131,
131072,7,1.12537e+07,12.8205,10.9261,50.0326,416.246,0.04096,0.02048,0.04096,0,40.8166,406.18,913.377,937.124,
131072,8,1.15414e+07,14.1619,12.4006,51.3127,416.195,0.07168,0.03072,0.04096,0,40.9395,406.303,914.892,941.455,
131072,9,1.18297e+07,15.6058,13.7216,52.7565,416.266,0.02048,0.02048,0,0,41.0112,406.303,916.377,945.705,
131072,10,1.21183e+07,16.9574,15.0835,54.2003,416.205,0.0512,0.0512,0.04096,0,40.919,406.374,917.842,949.883,
131072,11,1.24072e+07,18.3194,16.5069,55.511,416.195,0.0512,0.0512,0.07168,0,40.8781,405.514,918.273,953.098,
131072,12,1.26967e+07,19.6813,17.8995,56.8832,416.256,0.0512,0,0.01024,0,41.0317,406.354,920.587,958.166,
131072,13,1.29864e+07,21.0842,19.1898,58.3066,416.317,0.04096,0,0.02048,0,39.5674,405.709,919.962,960.236,
131072,14,1.32766e+07,22.4666,20.6234,59.5252,416.297,0.04096,0.03072,0.02048,0.01024,40.9293,406.016,922.87,965.96,
131072,15,1.35672e+07,23.9104,21.9648,60.9177,416.369,0.03072,0.04096,0.02048,0,40.9907,406.262,924.631,970.506,
131072,16,1.38583e+07,25.2314,23.337,62.3513,416.358,0.07168,0.04096,0.01024,0,41.0009,405.586,925.419,973.987,
131072,17,1.41499e+07,26.6445,24.7808,63.6518,416.225,0.1024,0.02048,0.03072,0,40.9907,406.989,928.01,979.436,
131072,18,1.44418e+07,28.0371,25.9789,65.1264,416.235,0.07168,0.0512,0.04096,0,40.9702,407.122,929.617,983.634,
131072,19,1.47343e+07,29.4912,27.4637,66.2733,416.276,0.09216,0,0.0512,0.04096,40.9395,406.026,929.699,986.654,
131072,20,1.5027e+07,30.7097,28.8256,67.7376,416.328,0.08192,0.04096,0.03072,0.01024,40.9293,405.729,930.888,990.424,
131072,70,1.533e+07,99.9629,97.6998,135.649,416.399,0.3072,0.11264,0.13312,0.02048,40.7654,406.395,999.782,1197.44,
131072,80,1.56454e+07,113.623,111.36,149.166,416.358,0.23552,0.1536,0.17408,0,40.6426,406.497,1013.23,1238.21,
131072,90,1.59647e+07,127.467,124.928,162.406,416.287,0.33792,0.1536,0.14336,0.01024,40.7245,406.016,1026.08,1278.47,
131072,100,1.62881e+07,141.24,138.742,176.271,416.225,0.33792,0.2048,0.1536,0.02048,40.8064,406.692,1040.71,1320.69,
131072,110,1.66156e+07,154.982,152.545,189.686,416.348,0.39936,0.19456,0.14336,0.02048,40.8269,405.842,1053.46,1360.99,
131072,116,1.69463e+07,163.338,160.747,197.427,416.348,0.39936,0.23552,0.16384,0.04096,40.7347,405.965,1061.31,1385.4,
